octave:11> ex2
Plotting data with + indicating (y = 1) examples and o indicating (y = 0) examples.

Program paused. Press enter to continue.
g =

   0.50000
   0.50000
   0.50000
   0.50000
   0.50000
   0.50000
   0.50000
   0.50000
   0.50000
   0.50000
   0.50000
   0.50000
   0.50000
   0.50000
   0.50000
   0.50000
   0.50000
   0.50000
   0.50000
   0.50000
   0.50000
   0.50000
   0.50000
   0.50000
   0.50000
   0.50000
   0.50000
   0.50000
   0.50000
   0.50000
   0.50000
   0.50000
   0.50000
   0.50000
   0.50000
   0.50000
   0.50000
   0.50000
   0.50000
   0.50000
   0.50000
   0.50000
   0.50000
   0.50000
   0.50000
   0.50000
   0.50000
   0.50000
   0.50000
   0.50000
   0.50000
   0.50000
   0.50000
   0.50000
   0.50000
   0.50000
   0.50000
   0.50000
   0.50000
   0.50000
   0.50000
   0.50000
   0.50000
   0.50000
   0.50000
   0.50000
   0.50000
   0.50000
   0.50000
   0.50000
   0.50000
   0.50000
   0.50000
   0.50000
   0.50000
   0.50000
   0.50000
   0.50000
   0.50000
   0.50000
   0.50000
   0.50000
   0.50000
   0.50000
   0.50000
   0.50000
   0.50000
   0.50000
   0.50000
   0.50000
   0.50000
   0.50000
   0.50000
   0.50000
   0.50000
   0.50000
   0.50000
   0.50000
   0.50000
   0.50000

Cost at initial theta (zeros): 0.693147
Gradient at initial theta (zeros): 
 -0.100000 
 -12.009217 
 -11.262842 

Program paused. Press enter to continue.
g =

   0.50000
   0.50000
   0.50000
   0.50000
   0.50000
   0.50000
   0.50000
   0.50000
   0.50000
   0.50000
   0.50000
   0.50000
   0.50000
   0.50000
   0.50000
   0.50000
   0.50000
   0.50000
   0.50000
   0.50000
   0.50000
   0.50000
   0.50000
   0.50000
   0.50000
   0.50000
   0.50000
   0.50000
   0.50000
   0.50000
   0.50000
   0.50000
   0.50000
   0.50000
   0.50000
   0.50000
   0.50000
   0.50000
   0.50000
   0.50000
   0.50000
   0.50000
   0.50000
   0.50000
   0.50000
   0.50000
   0.50000
   0.50000
   0.50000
   0.50000
   0.50000
   0.50000
   0.50000
   0.50000
   0.50000
   0.50000
   0.50000
   0.50000
   0.50000
   0.50000
   0.50000
   0.50000
   0.50000
   0.50000
   0.50000
   0.50000
   0.50000
   0.50000
   0.50000
   0.50000
   0.50000
   0.50000
   0.50000
   0.50000
   0.50000
   0.50000
   0.50000
   0.50000
   0.50000
   0.50000
   0.50000
   0.50000
   0.50000
   0.50000
   0.50000
   0.50000
   0.50000
   0.50000
   0.50000
   0.50000
   0.50000
   0.50000
   0.50000
   0.50000
   0.50000
   0.50000
   0.50000
   0.50000
   0.50000
   0.50000

g =

   0.50000
   0.50000
   0.50000
   0.50000
   0.50000
   0.50000
   0.50000
   0.50000
   0.50000
   0.50000
   0.50000
   0.50000
   0.50000
   0.50000
   0.50000
   0.50000
   0.50000
   0.50000
   0.50000
   0.50000
   0.50000
   0.50000
   0.50000
   0.50000
   0.50000
   0.50000
   0.50000
   0.50000
   0.50000
   0.50000
   0.50000
   0.50000
   0.50000
   0.50000
   0.50000
   0.50000
   0.50000
   0.50000
   0.50000
   0.50000
   0.50000
   0.50000
   0.50000
   0.50000
   0.50000
   0.50000
   0.50000
   0.50000
   0.50000
   0.50000
   0.50000
   0.50000
   0.50000
   0.50000
   0.50000
   0.50000
   0.50000
   0.50000
   0.50000
   0.50000
   0.50000
   0.50000
   0.50000
   0.50000
   0.50000
   0.50000
   0.50000
   0.50000
   0.50000
   0.50000
   0.50000
   0.50000
   0.50000
   0.50000
   0.50000
   0.50000
   0.50000
   0.50000
   0.50000
   0.50000
   0.50000
   0.50000
   0.50000
   0.50000
   0.50000
   0.50000
   0.50000
   0.50000
   0.50000
   0.50000
   0.50000
   0.50000
   0.50000
   0.50000
   0.50000
   0.50000
   0.50000
   0.50000
   0.50000
   0.50000

g =

   0.99962
   0.99458
   0.99950
   0.99997
   0.99998
   0.99921
   0.99998
   0.99983
   0.99999
   0.99989
   0.99993
   0.99948
   0.99999
   0.99999
   0.99969
   0.99996
   0.99982
   0.99971
   0.99999
   0.99986
   0.99961
   0.99998
   0.99911
   0.99601
   0.99997
   0.99991
   0.99987
   0.99992
   0.99965
   0.99931
   0.99992
   0.99996
   0.99970
   0.99981
   0.99959
   0.99948
   0.99990
   0.99996
   0.99975
   0.99952
   0.99995
   0.99906
   0.99999
   0.99985
   0.99895
   0.99970
   0.99997
   1.00000
   0.99999
   1.00000
   0.99998
   0.99999
   0.99993
   0.99871
   0.99916
   0.99955
   0.99999
   0.99987
   0.99996
   0.99998
   0.99999
   0.99695
   0.99888
   0.99626
   0.99959
   0.99953
   0.99993
   0.99920
   0.99999
   0.99988
   0.99527
   0.99996
   0.99999
   0.99992
   0.99992
   1.00000
   0.99993
   0.99986
   0.99934
   0.99987
   0.99999
   0.99996
   0.99992
   0.99974
   0.99999
   0.99998
   0.99979
   0.99999
   1.00000
   0.99966
   0.99999
   1.00000
   0.99847
   0.99999
   0.99994
   0.99992
   0.99988
   0.99999
   0.99979
   0.99999

g =

   0.98077
   0.93126
   0.97814
   0.99422
   0.99576
   0.97263
   0.99605
   0.98699
   0.99688
   0.98973
   0.99187
   0.97775
   0.99638
   0.99719
   0.98276
   0.99344
   0.98692
   0.98329
   0.99685
   0.98828
   0.98059
   0.99602
   0.97109
   0.94048
   0.99452
   0.99066
   0.98855
   0.99119
   0.98155
   0.97437
   0.99124
   0.99373
   0.98304
   0.98625
   0.98020
   0.97766
   0.99023
   0.99399
   0.98448
   0.97855
   0.99321
   0.97020
   0.99662
   0.98779
   0.96861
   0.98288
   0.99465
   0.99855
   0.99622
   0.99830
   0.99573
   0.99669
   0.99173
   0.96528
   0.97174
   0.97925
   0.99731
   0.98855
   0.99392
   0.99504
   0.99661
   0.94762
   0.96754
   0.94228
   0.98020
   0.97882
   0.99193
   0.97247
   0.99771
   0.98924
   0.93553
   0.99334
   0.99735
   0.99103
   0.99134
   0.99780
   0.99142
   0.98827
   0.97489
   0.98857
   0.99643
   0.99345
   0.99128
   0.98407
   0.99763
   0.99561
   0.98568
   0.99712
   0.99792
   0.98180
   0.99770
   0.99815
   0.96233
   0.99638
   0.99206
   0.99099
   0.98924
   0.99746
   0.98579
   0.99695

g =

   0.81385
   0.72669
   0.80632
   0.87339
   0.88580
   0.79245
   0.88844
   0.83538
   0.89691
   0.84738
   0.85845
   0.80524
   0.89167
   0.90055
   0.82010
   0.86801
   0.83509
   0.82185
   0.89657
   0.84078
   0.81333
   0.88812
   0.78895
   0.73801
   0.87562
   0.85195
   0.84193
   0.85474
   0.81625
   0.79657
   0.85501
   0.87000
   0.82103
   0.83249
   0.81215
   0.80500
   0.84981
   0.87177
   0.82593
   0.80744
   0.86656
   0.78698
   0.89416
   0.83869
   0.78359
   0.82050
   0.87661
   0.92064
   0.89007
   0.91617
   0.88553
   0.89486
   0.85766
   0.77689
   0.79041
   0.80942
   0.90204
   0.84195
   0.87127
   0.87968
   0.89402
   0.74771
   0.78139
   0.74037
   0.81217
   0.80819
   0.85881
   0.79208
   0.90728
   0.84504
   0.73178
   0.86737
   0.90248
   0.85390
   0.85555
   0.90846
   0.85599
   0.84071
   0.79785
   0.84205
   0.89213
   0.86810
   0.85519
   0.82450
   0.90613
   0.88448
   0.83030
   0.89966
   0.91024
   0.81703
   0.90703
   0.91380
   0.77133
   0.89171
   0.85957
   0.85365
   0.84505
   0.90394
   0.83072
   0.89774

g =

   0.59117
   0.56082
   0.58821
   0.61842
   0.62531
   0.58296
   0.62685
   0.60014
   0.63201
   0.60553
   0.61079
   0.58779
   0.62878
   0.63434
   0.59369
   0.61559
   0.60002
   0.59442
   0.63180
   0.60253
   0.59097
   0.62667
   0.58168
   0.56437
   0.61961
   0.60767
   0.60305
   0.60899
   0.59214
   0.58450
   0.60912
   0.61663
   0.59408
   0.59889
   0.59050
   0.58770
   0.60666
   0.61755
   0.59611
   0.58865
   0.61485
   0.58096
   0.63030
   0.60160
   0.57974
   0.59386
   0.62015
   0.64858
   0.62782
   0.64517
   0.62515
   0.63073
   0.61041
   0.57735
   0.58221
   0.58942
   0.63530
   0.60305
   0.61729
   0.62184
   0.63021
   0.56749
   0.57895
   0.56512
   0.59050
   0.58894
   0.61097
   0.58282
   0.63882
   0.60446
   0.56240
   0.61526
   0.63559
   0.60859
   0.60938
   0.63963
   0.60959
   0.60250
   0.58498
   0.60310
   0.62906
   0.61564
   0.60921
   0.59551
   0.63803
   0.62455
   0.59795
   0.63376
   0.64087
   0.59245
   0.63865
   0.64342
   0.57541
   0.62881
   0.61134
   0.60847
   0.60446
   0.63656
   0.59813
   0.63253

g =

   0.59117
   0.56082
   0.58821
   0.61842
   0.62531
   0.58296
   0.62685
   0.60014
   0.63201
   0.60553
   0.61079
   0.58779
   0.62878
   0.63434
   0.59369
   0.61559
   0.60002
   0.59442
   0.63180
   0.60253
   0.59097
   0.62667
   0.58168
   0.56437
   0.61961
   0.60767
   0.60305
   0.60899
   0.59214
   0.58450
   0.60912
   0.61663
   0.59408
   0.59889
   0.59050
   0.58770
   0.60666
   0.61755
   0.59611
   0.58865
   0.61485
   0.58096
   0.63030
   0.60160
   0.57974
   0.59386
   0.62015
   0.64858
   0.62782
   0.64517
   0.62515
   0.63073
   0.61041
   0.57735
   0.58221
   0.58942
   0.63530
   0.60305
   0.61729
   0.62184
   0.63021
   0.56749
   0.57895
   0.56512
   0.59050
   0.58894
   0.61097
   0.58282
   0.63882
   0.60446
   0.56240
   0.61526
   0.63559
   0.60859
   0.60938
   0.63963
   0.60959
   0.60250
   0.58498
   0.60310
   0.62906
   0.61564
   0.60921
   0.59551
   0.63803
   0.62455
   0.59795
   0.63376
   0.64087
   0.59245
   0.63865
   0.64342
   0.57541
   0.62881
   0.61134
   0.60847
   0.60446
   0.63656
   0.59813
   0.63253

g =

   0.59980
   0.58204
   0.60147
   0.65879
   0.69610
   0.61890
   0.66291
   0.68210
   0.69250
   0.70078
   0.72230
   0.67885
   0.70293
   0.68064
   0.61063
   0.64586
   0.67084
   0.66720
   0.68238
   0.68636
   0.66518
   0.71548
   0.62956
   0.59126
   0.69258
   0.65987
   0.69242
   0.71708
   0.65478
   0.60646
   0.65854
   0.70536
   0.63616
   0.63738
   0.61115
   0.63942
   0.60282
   0.66624
   0.68060
   0.59816
   0.70221
   0.63139
   0.72467
   0.69603
   0.63005
   0.65602
   0.69137
   0.73486
   0.66503
   0.72345
   0.69771
   0.73299
   0.71292
   0.59562
   0.62921
   0.62981
   0.73137
   0.59901
   0.68518
   0.68182
   0.69073
   0.59438
   0.64022
   0.58280
   0.62019
   0.66308
   0.61747
   0.62693
   0.70190
   0.66760
   0.58759
   0.66535
   0.68654
   0.65661
   0.65368
   0.73610
   0.63083
   0.63522
   0.65015
   0.69616
   0.71475
   0.72171
   0.66998
   0.64672
   0.70185
   0.67630
   0.61703
   0.69183
   0.69948
   0.63618
   0.72615
   0.72107
   0.63772
   0.68869
   0.71192
   0.69983
   0.61927
   0.73449
   0.64370
   0.69021

g =

   0.59980
   0.58204
   0.60147
   0.65879
   0.69610
   0.61890
   0.66291
   0.68210
   0.69250
   0.70078
   0.72230
   0.67885
   0.70293
   0.68064
   0.61063
   0.64586
   0.67084
   0.66720
   0.68238
   0.68636
   0.66518
   0.71548
   0.62956
   0.59126
   0.69258
   0.65987
   0.69242
   0.71708
   0.65478
   0.60646
   0.65854
   0.70536
   0.63616
   0.63738
   0.61115
   0.63942
   0.60282
   0.66624
   0.68060
   0.59816
   0.70221
   0.63139
   0.72467
   0.69603
   0.63005
   0.65602
   0.69137
   0.73486
   0.66503
   0.72345
   0.69771
   0.73299
   0.71292
   0.59562
   0.62921
   0.62981
   0.73137
   0.59901
   0.68518
   0.68182
   0.69073
   0.59438
   0.64022
   0.58280
   0.62019
   0.66308
   0.61747
   0.62693
   0.70190
   0.66760
   0.58759
   0.66535
   0.68654
   0.65661
   0.65368
   0.73610
   0.63083
   0.63522
   0.65015
   0.69616
   0.71475
   0.72171
   0.66998
   0.64672
   0.70185
   0.67630
   0.61703
   0.69183
   0.69948
   0.63618
   0.72615
   0.72107
   0.63772
   0.68869
   0.71192
   0.69983
   0.61927
   0.73449
   0.64370
   0.69021

g =

   0.58048
   0.57542
   0.58502
   0.64895
   0.69907
   0.61422
   0.64938
   0.69451
   0.68961
   0.71772
   0.74470
   0.69741
   0.70680
   0.67066
   0.59473
   0.63176
   0.67847
   0.67677
   0.67489
   0.69912
   0.67604
   0.72607
   0.63062
   0.58645
   0.69752
   0.65766
   0.70740
   0.73849
   0.66035
   0.59493
   0.65476
   0.71763
   0.63199
   0.63054
   0.59770
   0.64097
   0.57406
   0.66049
   0.69485
   0.57983
   0.71421
   0.63375
   0.73698
   0.71336
   0.63261
   0.66102
   0.69545
   0.74090
   0.65188
   0.72648
   0.70151
   0.74845
   0.73191
   0.58392
   0.62975
   0.62582
   0.74358
   0.57095
   0.68828
   0.68051
   0.68817
   0.58888
   0.64785
   0.57356
   0.61099
   0.67431
   0.59281
   0.62604
   0.69905
   0.67098
   0.58244
   0.66070
   0.67854
   0.65228
   0.64746
   0.74781
   0.61361
   0.62494
   0.65827
   0.71264
   0.72361
   0.74118
   0.67138
   0.64645
   0.69948
   0.67068
   0.60123
   0.68751
   0.69419
   0.63311
   0.73424
   0.72410
   0.64654
   0.68609
   0.72997
   0.71464
   0.60003
   0.74727
   0.64031
   0.68592

g =

   0.58048
   0.57542
   0.58502
   0.64895
   0.69907
   0.61422
   0.64938
   0.69451
   0.68961
   0.71772
   0.74470
   0.69741
   0.70680
   0.67066
   0.59473
   0.63176
   0.67847
   0.67677
   0.67489
   0.69912
   0.67604
   0.72607
   0.63062
   0.58645
   0.69752
   0.65766
   0.70740
   0.73849
   0.66035
   0.59493
   0.65476
   0.71763
   0.63199
   0.63054
   0.59770
   0.64097
   0.57406
   0.66049
   0.69485
   0.57983
   0.71421
   0.63375
   0.73698
   0.71336
   0.63261
   0.66102
   0.69545
   0.74090
   0.65188
   0.72648
   0.70151
   0.74845
   0.73191
   0.58392
   0.62975
   0.62582
   0.74358
   0.57095
   0.68828
   0.68051
   0.68817
   0.58888
   0.64785
   0.57356
   0.61099
   0.67431
   0.59281
   0.62604
   0.69905
   0.67098
   0.58244
   0.66070
   0.67854
   0.65228
   0.64746
   0.74781
   0.61361
   0.62494
   0.65827
   0.71264
   0.72361
   0.74118
   0.67138
   0.64645
   0.69948
   0.67068
   0.60123
   0.68751
   0.69419
   0.63311
   0.73424
   0.72410
   0.64654
   0.68609
   0.72997
   0.71464
   0.60003
   0.74727
   0.64031
   0.68592

g =

   0.60299
   0.58845
   0.60631
   0.67544
   0.72344
   0.63217
   0.67839
   0.71226
   0.71671
   0.73518
   0.76133
   0.71154
   0.73145
   0.70012
   0.61721
   0.65868
   0.69735
   0.69417
   0.70323
   0.71719
   0.69250
   0.74839
   0.64720
   0.60006
   0.72044
   0.68028
   0.72499
   0.75518
   0.67819
   0.61448
   0.67803
   0.73804
   0.65227
   0.65240
   0.61899
   0.65875
   0.60197
   0.68584
   0.71145
   0.60156
   0.73444
   0.64993
   0.75922
   0.73010
   0.64849
   0.67932
   0.71870
   0.76740
   0.68098
   0.75362
   0.72562
   0.76970
   0.74950
   0.60180
   0.64655
   0.64507
   0.76644
   0.59786
   0.71132
   0.70549
   0.71489
   0.60336
   0.66258
   0.58807
   0.63148
   0.69030
   0.62094
   0.64324
   0.72719
   0.69168
   0.59563
   0.68534
   0.70767
   0.67557
   0.67134
   0.77133
   0.63993
   0.64829
   0.67414
   0.72985
   0.74678
   0.75932
   0.69343
   0.66623
   0.72736
   0.69727
   0.62467
   0.71529
   0.72337
   0.65283
   0.75888
   0.75102
   0.66029
   0.71259
   0.74796
   0.73312
   0.62562
   0.77008
   0.66129
   0.71350

g =

   0.60299
   0.58845
   0.60631
   0.67544
   0.72344
   0.63217
   0.67839
   0.71226
   0.71671
   0.73518
   0.76133
   0.71154
   0.73145
   0.70012
   0.61721
   0.65868
   0.69735
   0.69417
   0.70323
   0.71719
   0.69250
   0.74839
   0.64720
   0.60006
   0.72044
   0.68028
   0.72499
   0.75518
   0.67819
   0.61448
   0.67803
   0.73804
   0.65227
   0.65240
   0.61899
   0.65875
   0.60197
   0.68584
   0.71145
   0.60156
   0.73444
   0.64993
   0.75922
   0.73010
   0.64849
   0.67932
   0.71870
   0.76740
   0.68098
   0.75362
   0.72562
   0.76970
   0.74950
   0.60180
   0.64655
   0.64507
   0.76644
   0.59786
   0.71132
   0.70549
   0.71489
   0.60336
   0.66258
   0.58807
   0.63148
   0.69030
   0.62094
   0.64324
   0.72719
   0.69168
   0.59563
   0.68534
   0.70767
   0.67557
   0.67134
   0.77133
   0.63993
   0.64829
   0.67414
   0.72985
   0.74678
   0.75932
   0.69343
   0.66623
   0.72736
   0.69727
   0.62467
   0.71529
   0.72337
   0.65283
   0.75888
   0.75102
   0.66029
   0.71259
   0.74796
   0.73312
   0.62562
   0.77008
   0.66129
   0.71350

g =

   0.58665
   0.57704
   0.59053
   0.65626
   0.70497
   0.61770
   0.65794
   0.69713
   0.69693
   0.72007
   0.74657
   0.69821
   0.71280
   0.67927
   0.60069
   0.63945
   0.68176
   0.67934
   0.68292
   0.70187
   0.67815
   0.73084
   0.63323
   0.58819
   0.70270
   0.66297
   0.70986
   0.74040
   0.66327
   0.59945
   0.66042
   0.72146
   0.63641
   0.63576
   0.60304
   0.64406
   0.58296
   0.66713
   0.69689
   0.58562
   0.71796
   0.63614
   0.74169
   0.71537
   0.63486
   0.66417
   0.70081
   0.74777
   0.66046
   0.73368
   0.70726
   0.75266
   0.73428
   0.58778
   0.63248
   0.62981
   0.74860
   0.57941
   0.69357
   0.68682
   0.69530
   0.59101
   0.64937
   0.57593
   0.61576
   0.67620
   0.60156
   0.62901
   0.70684
   0.67523
   0.58404
   0.66699
   0.68694
   0.65798
   0.65350
   0.75316
   0.62121
   0.63095
   0.66025
   0.71489
   0.72881
   0.74382
   0.67629
   0.65047
   0.70714
   0.67786
   0.60757
   0.69518
   0.70253
   0.63724
   0.74017
   0.73120
   0.64759
   0.69312
   0.73255
   0.71752
   0.60744
   0.75227
   0.64498
   0.69350

g =

   0.58665
   0.57704
   0.59053
   0.65626
   0.70497
   0.61770
   0.65794
   0.69713
   0.69693
   0.72007
   0.74657
   0.69821
   0.71280
   0.67927
   0.60069
   0.63945
   0.68176
   0.67934
   0.68292
   0.70187
   0.67815
   0.73084
   0.63323
   0.58819
   0.70270
   0.66297
   0.70986
   0.74040
   0.66327
   0.59945
   0.66042
   0.72146
   0.63641
   0.63576
   0.60304
   0.64406
   0.58296
   0.66713
   0.69689
   0.58562
   0.71796
   0.63614
   0.74169
   0.71537
   0.63486
   0.66417
   0.70081
   0.74777
   0.66046
   0.73368
   0.70726
   0.75266
   0.73428
   0.58778
   0.63248
   0.62981
   0.74860
   0.57941
   0.69357
   0.68682
   0.69530
   0.59101
   0.64937
   0.57593
   0.61576
   0.67620
   0.60156
   0.62901
   0.70684
   0.67523
   0.58404
   0.66699
   0.68694
   0.65798
   0.65350
   0.75316
   0.62121
   0.63095
   0.66025
   0.71489
   0.72881
   0.74382
   0.67629
   0.65047
   0.70714
   0.67786
   0.60757
   0.69518
   0.70253
   0.63724
   0.74017
   0.73120
   0.64759
   0.69312
   0.73255
   0.71752
   0.60744
   0.75227
   0.64498
   0.69350

g =

   0.58497
   0.57437
   0.58858
   0.65341
   0.70092
   0.61461
   0.65539
   0.69232
   0.69337
   0.71487
   0.74093
   0.69290
   0.70867
   0.67635
   0.59863
   0.63703
   0.67738
   0.67480
   0.67978
   0.69702
   0.67351
   0.72614
   0.62958
   0.58530
   0.69849
   0.65946
   0.70482
   0.73483
   0.65912
   0.59704
   0.65705
   0.71663
   0.63318
   0.63275
   0.60076
   0.64031
   0.58209
   0.66390
   0.69193
   0.58387
   0.71316
   0.63236
   0.73686
   0.71014
   0.63108
   0.66006
   0.69667
   0.74345
   0.65787
   0.72961
   0.70314
   0.74758
   0.72891
   0.58546
   0.62888
   0.62659
   0.74378
   0.57851
   0.68953
   0.68316
   0.69172
   0.58815
   0.64510
   0.57348
   0.61305
   0.67154
   0.60023
   0.62555
   0.70327
   0.67122
   0.58119
   0.66367
   0.68383
   0.65466
   0.65036
   0.74839
   0.61914
   0.62825
   0.65589
   0.70972
   0.72426
   0.73841
   0.67244
   0.64685
   0.70352
   0.67458
   0.60547
   0.69175
   0.69916
   0.63391
   0.73568
   0.72712
   0.64323
   0.68955
   0.72725
   0.71248
   0.60562
   0.74741
   0.64165
   0.69007

g =

   0.58497
   0.57437
   0.58858
   0.65341
   0.70092
   0.61461
   0.65539
   0.69232
   0.69337
   0.71487
   0.74093
   0.69290
   0.70867
   0.67635
   0.59863
   0.63703
   0.67738
   0.67480
   0.67978
   0.69702
   0.67351
   0.72614
   0.62958
   0.58530
   0.69849
   0.65946
   0.70482
   0.73483
   0.65912
   0.59704
   0.65705
   0.71663
   0.63318
   0.63275
   0.60076
   0.64031
   0.58209
   0.66390
   0.69193
   0.58387
   0.71316
   0.63236
   0.73686
   0.71014
   0.63108
   0.66006
   0.69667
   0.74345
   0.65787
   0.72961
   0.70314
   0.74758
   0.72891
   0.58546
   0.62888
   0.62659
   0.74378
   0.57851
   0.68953
   0.68316
   0.69172
   0.58815
   0.64510
   0.57348
   0.61305
   0.67154
   0.60023
   0.62555
   0.70327
   0.67122
   0.58119
   0.66367
   0.68383
   0.65466
   0.65036
   0.74839
   0.61914
   0.62825
   0.65589
   0.70972
   0.72426
   0.73841
   0.67244
   0.64685
   0.70352
   0.67458
   0.60547
   0.69175
   0.69916
   0.63391
   0.73568
   0.72712
   0.64323
   0.68955
   0.72725
   0.71248
   0.60562
   0.74741
   0.64165
   0.69007

g =

   0.58648
   0.57411
   0.58988
   0.65586
   0.70317
   0.61535
   0.65831
   0.69329
   0.69610
   0.71590
   0.74195
   0.69320
   0.71101
   0.67944
   0.60017
   0.63950
   0.67850
   0.67564
   0.68267
   0.69808
   0.67416
   0.72814
   0.63011
   0.58516
   0.70046
   0.66121
   0.70583
   0.73583
   0.65998
   0.59803
   0.65891
   0.71823
   0.63440
   0.63426
   0.60208
   0.64109
   0.58460
   0.66617
   0.69269
   0.58524
   0.71470
   0.63282
   0.73891
   0.71101
   0.63147
   0.66100
   0.69870
   0.74634
   0.66082
   0.73253
   0.70536
   0.74951
   0.73004
   0.58612
   0.62944
   0.62760
   0.74599
   0.58082
   0.69148
   0.68544
   0.69437
   0.58819
   0.64533
   0.57350
   0.61426
   0.67209
   0.60282
   0.62618
   0.70624
   0.67265
   0.58098
   0.66581
   0.68689
   0.65652
   0.65230
   0.75075
   0.62145
   0.63003
   0.65637
   0.71068
   0.72641
   0.73970
   0.67413
   0.64802
   0.70644
   0.67713
   0.60720
   0.69459
   0.70230
   0.63503
   0.73817
   0.72999
   0.64327
   0.69215
   0.72845
   0.71369
   0.60775
   0.74963
   0.64302
   0.69287

g =

   0.58648
   0.57411
   0.58988
   0.65586
   0.70317
   0.61535
   0.65831
   0.69329
   0.69610
   0.71590
   0.74195
   0.69320
   0.71101
   0.67944
   0.60017
   0.63950
   0.67850
   0.67564
   0.68267
   0.69808
   0.67416
   0.72814
   0.63011
   0.58516
   0.70046
   0.66121
   0.70583
   0.73583
   0.65998
   0.59803
   0.65891
   0.71823
   0.63440
   0.63426
   0.60208
   0.64109
   0.58460
   0.66617
   0.69269
   0.58524
   0.71470
   0.63282
   0.73891
   0.71101
   0.63147
   0.66100
   0.69870
   0.74634
   0.66082
   0.73253
   0.70536
   0.74951
   0.73004
   0.58612
   0.62944
   0.62760
   0.74599
   0.58082
   0.69148
   0.68544
   0.69437
   0.58819
   0.64533
   0.57350
   0.61426
   0.67209
   0.60282
   0.62618
   0.70624
   0.67265
   0.58098
   0.66581
   0.68689
   0.65652
   0.65230
   0.75075
   0.62145
   0.63003
   0.65637
   0.71068
   0.72641
   0.73970
   0.67413
   0.64802
   0.70644
   0.67713
   0.60720
   0.69459
   0.70230
   0.63503
   0.73817
   0.72999
   0.64327
   0.69215
   0.72845
   0.71369
   0.60775
   0.74963
   0.64302
   0.69287

g =

   0.58869
   0.57374
   0.59176
   0.65929
   0.70625
   0.61636
   0.66243
   0.69453
   0.69987
   0.71717
   0.74317
   0.69344
   0.71421
   0.68376
   0.60239
   0.64299
   0.67997
   0.67669
   0.68671
   0.69942
   0.67495
   0.73082
   0.63078
   0.58496
   0.70314
   0.66362
   0.70708
   0.73703
   0.66109
   0.59945
   0.66149
   0.72033
   0.63609
   0.63638
   0.60398
   0.64212
   0.58826
   0.66934
   0.69361
   0.58723
   0.71672
   0.63339
   0.74163
   0.71206
   0.63196
   0.66224
   0.70145
   0.75026
   0.66497
   0.73653
   0.70838
   0.75205
   0.73145
   0.58707
   0.63017
   0.62899
   0.74894
   0.58421
   0.69414
   0.68859
   0.69803
   0.58822
   0.64554
   0.57353
   0.61596
   0.67275
   0.60656
   0.62701
   0.71035
   0.67459
   0.58065
   0.66878
   0.69116
   0.65909
   0.65502
   0.75391
   0.62473
   0.63253
   0.65693
   0.71186
   0.72931
   0.74132
   0.67644
   0.64961
   0.71048
   0.68067
   0.60968
   0.69854
   0.70667
   0.63657
   0.74155
   0.73392
   0.64321
   0.69574
   0.72995
   0.71524
   0.61081
   0.75259
   0.64493
   0.69675

g =

   0.58869
   0.57374
   0.59176
   0.65929
   0.70625
   0.61636
   0.66243
   0.69453
   0.69987
   0.71717
   0.74317
   0.69344
   0.71421
   0.68376
   0.60239
   0.64299
   0.67997
   0.67669
   0.68671
   0.69942
   0.67495
   0.73082
   0.63078
   0.58496
   0.70314
   0.66362
   0.70708
   0.73703
   0.66109
   0.59945
   0.66149
   0.72033
   0.63609
   0.63638
   0.60398
   0.64212
   0.58826
   0.66934
   0.69361
   0.58723
   0.71672
   0.63339
   0.74163
   0.71206
   0.63196
   0.66224
   0.70145
   0.75026
   0.66497
   0.73653
   0.70838
   0.75205
   0.73145
   0.58707
   0.63017
   0.62899
   0.74894
   0.58421
   0.69414
   0.68859
   0.69803
   0.58822
   0.64554
   0.57353
   0.61596
   0.67275
   0.60656
   0.62701
   0.71035
   0.67459
   0.58065
   0.66878
   0.69116
   0.65909
   0.65502
   0.75391
   0.62473
   0.63253
   0.65693
   0.71186
   0.72931
   0.74132
   0.67644
   0.64961
   0.71048
   0.68067
   0.60968
   0.69854
   0.70667
   0.63657
   0.74155
   0.73392
   0.64321
   0.69574
   0.72995
   0.71524
   0.61081
   0.75259
   0.64493
   0.69675

g =

   0.58779
   0.57061
   0.59058
   0.65940
   0.70609
   0.61437
   0.66314
   0.69272
   0.70031
   0.71544
   0.74146
   0.69075
   0.71416
   0.68466
   0.60147
   0.64316
   0.67836
   0.67471
   0.68737
   0.69772
   0.67274
   0.73035
   0.62847
   0.58194
   0.70261
   0.66283
   0.70531
   0.73527
   0.65915
   0.59784
   0.66084
   0.71932
   0.63468
   0.63534
   0.60278
   0.64012
   0.58865
   0.66921
   0.69152
   0.58615
   0.71565
   0.63099
   0.74124
   0.71012
   0.62948
   0.66042
   0.70099
   0.75095
   0.66571
   0.73724
   0.70817
   0.75151
   0.72986
   0.58508
   0.62792
   0.62732
   0.74876
   0.58437
   0.69359
   0.68847
   0.69837
   0.58541
   0.64281
   0.57075
   0.61457
   0.67041
   0.60699
   0.62485
   0.71109
   0.67339
   0.57754
   0.66849
   0.69202
   0.65844
   0.65450
   0.75394
   0.62474
   0.63184
   0.65451
   0.71002
   0.72903
   0.73995
   0.67557
   0.64810
   0.71117
   0.68088
   0.60900
   0.69913
   0.70763
   0.63502
   0.74171
   0.73455
   0.64024
   0.69601
   0.72845
   0.71374
   0.61064
   0.75243
   0.64369
   0.69728

g =

   0.58779
   0.57061
   0.59058
   0.65940
   0.70609
   0.61437
   0.66314
   0.69272
   0.70031
   0.71544
   0.74146
   0.69075
   0.71416
   0.68466
   0.60147
   0.64316
   0.67836
   0.67471
   0.68737
   0.69772
   0.67274
   0.73035
   0.62847
   0.58194
   0.70261
   0.66283
   0.70531
   0.73527
   0.65915
   0.59784
   0.66084
   0.71932
   0.63468
   0.63534
   0.60278
   0.64012
   0.58865
   0.66921
   0.69152
   0.58615
   0.71565
   0.63099
   0.74124
   0.71012
   0.62948
   0.66042
   0.70099
   0.75095
   0.66571
   0.73724
   0.70817
   0.75151
   0.72986
   0.58508
   0.62792
   0.62732
   0.74876
   0.58437
   0.69359
   0.68847
   0.69837
   0.58541
   0.64281
   0.57075
   0.61457
   0.67041
   0.60699
   0.62485
   0.71109
   0.67339
   0.57754
   0.66849
   0.69202
   0.65844
   0.65450
   0.75394
   0.62474
   0.63184
   0.65451
   0.71002
   0.72903
   0.73995
   0.67557
   0.64810
   0.71117
   0.68088
   0.60900
   0.69913
   0.70763
   0.63502
   0.74171
   0.73455
   0.64024
   0.69601
   0.72845
   0.71374
   0.61064
   0.75243
   0.64369
   0.69728

g =

   0.58639
   0.56546
   0.58857
   0.65825
   0.70348
   0.61031
   0.66303
   0.68730
   0.69892
   0.70973
   0.73532
   0.68373
   0.71162
   0.68445
   0.59972
   0.64247
   0.67360
   0.66933
   0.68665
   0.69240
   0.66697
   0.72674
   0.62351
   0.57674
   0.69940
   0.65993
   0.69972
   0.72916
   0.65420
   0.59487
   0.65826
   0.71491
   0.63123
   0.63257
   0.60047
   0.63546
   0.58960
   0.66741
   0.68560
   0.58445
   0.71117
   0.62579
   0.73759
   0.70412
   0.62418
   0.65565
   0.69793
   0.74915
   0.66560
   0.73571
   0.70544
   0.74745
   0.72416
   0.58170
   0.62306
   0.62356
   0.74539
   0.58500
   0.69050
   0.68628
   0.69684
   0.58050
   0.63674
   0.56625
   0.61164
   0.66446
   0.60759
   0.62023
   0.71008
   0.66950
   0.57227
   0.66640
   0.69158
   0.65591
   0.65229
   0.75087
   0.62415
   0.62980
   0.64875
   0.70423
   0.72579
   0.73449
   0.67225
   0.64419
   0.71004
   0.67948
   0.60749
   0.69805
   0.70708
   0.63132
   0.73911
   0.73293
   0.63377
   0.69441
   0.72293
   0.70849
   0.61003
   0.74905
   0.64039
   0.69613

g =

   0.58639
   0.56546
   0.58857
   0.65825
   0.70348
   0.61031
   0.66303
   0.68730
   0.69892
   0.70973
   0.73532
   0.68373
   0.71162
   0.68445
   0.59972
   0.64247
   0.67360
   0.66933
   0.68665
   0.69240
   0.66697
   0.72674
   0.62351
   0.57674
   0.69940
   0.65993
   0.69972
   0.72916
   0.65420
   0.59487
   0.65826
   0.71491
   0.63123
   0.63257
   0.60047
   0.63546
   0.58960
   0.66741
   0.68560
   0.58445
   0.71117
   0.62579
   0.73759
   0.70412
   0.62418
   0.65565
   0.69793
   0.74915
   0.66560
   0.73571
   0.70544
   0.74745
   0.72416
   0.58170
   0.62306
   0.62356
   0.74539
   0.58500
   0.69050
   0.68628
   0.69684
   0.58050
   0.63674
   0.56625
   0.61164
   0.66446
   0.60759
   0.62023
   0.71008
   0.66950
   0.57227
   0.66640
   0.69158
   0.65591
   0.65229
   0.75087
   0.62415
   0.62980
   0.64875
   0.70423
   0.72579
   0.73449
   0.67225
   0.64419
   0.71004
   0.67948
   0.60749
   0.69805
   0.70708
   0.63132
   0.73911
   0.73293
   0.63377
   0.69441
   0.72293
   0.70849
   0.61003
   0.74905
   0.64039
   0.69613

g =

   0.58767
   0.56160
   0.58928
   0.66290
   0.70817
   0.60973
   0.66900
   0.68832
   0.70480
   0.71118
   0.73706
   0.68283
   0.71664
   0.69111
   0.60122
   0.64699
   0.67485
   0.66974
   0.69283
   0.69371
   0.66685
   0.73104
   0.62249
   0.57336
   0.70328
   0.66273
   0.70097
   0.73076
   0.65448
   0.59481
   0.66133
   0.71796
   0.63224
   0.63440
   0.60139
   0.63530
   0.59362
   0.67171
   0.68601
   0.58531
   0.71403
   0.62462
   0.74214
   0.70507
   0.62282
   0.65620
   0.70193
   0.75602
   0.67167
   0.74252
   0.71005
   0.75179
   0.72607
   0.58057
   0.62214
   0.62390
   0.75045
   0.58846
   0.69422
   0.69084
   0.70248
   0.57763
   0.63505
   0.56316
   0.61237
   0.66405
   0.61203
   0.61947
   0.71672
   0.67157
   0.56861
   0.67033
   0.69825
   0.65894
   0.65553
   0.75639
   0.62801
   0.63230
   0.64791
   0.70541
   0.73048
   0.73696
   0.67505
   0.64522
   0.71656
   0.68465
   0.60961
   0.70424
   0.71415
   0.63205
   0.74485
   0.73957
   0.63153
   0.69989
   0.72500
   0.71042
   0.61327
   0.75418
   0.64193
   0.70217

g =

   0.58767
   0.56160
   0.58928
   0.66290
   0.70817
   0.60973
   0.66900
   0.68832
   0.70480
   0.71118
   0.73706
   0.68283
   0.71664
   0.69111
   0.60122
   0.64699
   0.67485
   0.66974
   0.69283
   0.69371
   0.66685
   0.73104
   0.62249
   0.57336
   0.70328
   0.66273
   0.70097
   0.73076
   0.65448
   0.59481
   0.66133
   0.71796
   0.63224
   0.63440
   0.60139
   0.63530
   0.59362
   0.67171
   0.68601
   0.58531
   0.71403
   0.62462
   0.74214
   0.70507
   0.62282
   0.65620
   0.70193
   0.75602
   0.67167
   0.74252
   0.71005
   0.75179
   0.72607
   0.58057
   0.62214
   0.62390
   0.75045
   0.58846
   0.69422
   0.69084
   0.70248
   0.57763
   0.63505
   0.56316
   0.61237
   0.66405
   0.61203
   0.61947
   0.71672
   0.67157
   0.56861
   0.67033
   0.69825
   0.65894
   0.65553
   0.75639
   0.62801
   0.63230
   0.64791
   0.70541
   0.73048
   0.73696
   0.67505
   0.64522
   0.71656
   0.68465
   0.60961
   0.70424
   0.71415
   0.63205
   0.74485
   0.73957
   0.63153
   0.69989
   0.72500
   0.71042
   0.61327
   0.75418
   0.64193
   0.70217

g =

   0.58422
   0.55219
   0.58507
   0.66238
   0.70715
   0.60349
   0.67004
   0.68290
   0.70531
   0.70606
   0.73209
   0.67502
   0.71596
   0.69273
   0.59778
   0.64655
   0.66989
   0.66377
   0.69383
   0.68859
   0.66025
   0.72934
   0.61548
   0.56430
   0.70131
   0.65988
   0.69570
   0.72565
   0.64858
   0.58952
   0.65886
   0.71480
   0.62762
   0.63076
   0.59720
   0.62914
   0.59350
   0.67062
   0.67983
   0.58137
   0.71067
   0.61736
   0.74068
   0.69937
   0.61535
   0.65061
   0.70012
   0.75737
   0.67280
   0.74389
   0.70892
   0.75002
   0.72139
   0.57421
   0.61526
   0.61856
   0.74959
   0.58772
   0.69214
   0.68984
   0.70272
   0.56912
   0.62697
   0.55468
   0.60774
   0.65711
   0.61209
   0.61283
   0.71806
   0.66768
   0.55928
   0.66881
   0.69979
   0.65644
   0.65335
   0.75607
   0.62704
   0.62956
   0.64069
   0.70000
   0.72927
   0.73291
   0.67203
   0.64041
   0.71775
   0.68449
   0.60679
   0.70512
   0.71602
   0.62707
   0.74486
   0.74074
   0.62279
   0.69995
   0.72055
   0.70592
   0.61178
   0.75340
   0.63783
   0.70290

g =

   0.58422
   0.55219
   0.58507
   0.66238
   0.70715
   0.60349
   0.67004
   0.68290
   0.70531
   0.70606
   0.73209
   0.67502
   0.71596
   0.69273
   0.59778
   0.64655
   0.66989
   0.66377
   0.69383
   0.68859
   0.66025
   0.72934
   0.61548
   0.56430
   0.70131
   0.65988
   0.69570
   0.72565
   0.64858
   0.58952
   0.65886
   0.71480
   0.62762
   0.63076
   0.59720
   0.62914
   0.59350
   0.67062
   0.67983
   0.58137
   0.71067
   0.61736
   0.74068
   0.69937
   0.61535
   0.65061
   0.70012
   0.75737
   0.67280
   0.74389
   0.70892
   0.75002
   0.72139
   0.57421
   0.61526
   0.61856
   0.74959
   0.58772
   0.69214
   0.68984
   0.70272
   0.56912
   0.62697
   0.55468
   0.60774
   0.65711
   0.61209
   0.61283
   0.71806
   0.66768
   0.55928
   0.66881
   0.69979
   0.65644
   0.65335
   0.75607
   0.62704
   0.62956
   0.64069
   0.70000
   0.72927
   0.73291
   0.67203
   0.64041
   0.71775
   0.68449
   0.60679
   0.70512
   0.71602
   0.62707
   0.74486
   0.74074
   0.62279
   0.69995
   0.72055
   0.70592
   0.61178
   0.75340
   0.63783
   0.70290

g =

   0.58303
   0.54217
   0.58295
   0.66761
   0.71298
   0.59944
   0.67747
   0.68247
   0.71300
   0.70663
   0.73345
   0.67128
   0.72243
   0.70151
   0.59710
   0.65138
   0.66968
   0.66209
   0.70187
   0.68871
   0.65763
   0.73481
   0.61085
   0.55518
   0.70578
   0.66207
   0.69582
   0.72670
   0.64650
   0.58618
   0.66149
   0.71810
   0.62649
   0.63101
   0.59556
   0.62609
   0.59691
   0.67537
   0.67834
   0.57945
   0.71361
   0.61249
   0.74669
   0.69902
   0.61014
   0.64900
   0.70477
   0.76718
   0.68042
   0.75347
   0.71466
   0.75581
   0.72290
   0.56894
   0.61079
   0.61620
   0.75651
   0.59014
   0.69623
   0.69526
   0.71001
   0.56088
   0.62135
   0.54595
   0.60590
   0.65397
   0.61639
   0.60858
   0.72709
   0.66877
   0.54963
   0.67295
   0.70866
   0.65898
   0.65619
   0.76378
   0.63057
   0.63090
   0.63665
   0.70004
   0.73535
   0.73548
   0.67438
   0.63946
   0.72659
   0.69082
   0.60723
   0.71330
   0.72568
   0.62546
   0.75279
   0.75003
   0.61618
   0.70696
   0.72232
   0.70727
   0.61410
   0.76047
   0.63770
   0.71082

g =

   0.58303
   0.54217
   0.58295
   0.66761
   0.71298
   0.59944
   0.67747
   0.68247
   0.71300
   0.70663
   0.73345
   0.67128
   0.72243
   0.70151
   0.59710
   0.65138
   0.66968
   0.66209
   0.70187
   0.68871
   0.65763
   0.73481
   0.61085
   0.55518
   0.70578
   0.66207
   0.69582
   0.72670
   0.64650
   0.58618
   0.66149
   0.71810
   0.62649
   0.63101
   0.59556
   0.62609
   0.59691
   0.67537
   0.67834
   0.57945
   0.71361
   0.61249
   0.74669
   0.69902
   0.61014
   0.64900
   0.70477
   0.76718
   0.68042
   0.75347
   0.71466
   0.75581
   0.72290
   0.56894
   0.61079
   0.61620
   0.75651
   0.59014
   0.69623
   0.69526
   0.71001
   0.56088
   0.62135
   0.54595
   0.60590
   0.65397
   0.61639
   0.60858
   0.72709
   0.66877
   0.54963
   0.67295
   0.70866
   0.65898
   0.65619
   0.76378
   0.63057
   0.63090
   0.63665
   0.70004
   0.73535
   0.73548
   0.67438
   0.63946
   0.72659
   0.69082
   0.60723
   0.71330
   0.72568
   0.62546
   0.75279
   0.75003
   0.61618
   0.70696
   0.72232
   0.70727
   0.61410
   0.76047
   0.63770
   0.71082

g =

   0.57576
   0.52391
   0.57447
   0.66790
   0.71387
   0.58825
   0.68053
   0.67535
   0.71626
   0.70073
   0.72855
   0.65986
   0.72412
   0.70617
   0.59034
   0.65126
   0.66292
   0.65343
   0.70559
   0.68228
   0.64779
   0.73523
   0.59877
   0.53792
   0.70494
   0.65847
   0.68936
   0.72140
   0.63745
   0.57607
   0.65847
   0.71573
   0.61884
   0.62511
   0.58756
   0.61593
   0.59545
   0.67501
   0.66984
   0.57128
   0.71078
   0.60007
   0.74780
   0.69194
   0.59731
   0.64053
   0.70416
   0.77309
   0.68370
   0.75909
   0.71542
   0.75665
   0.71821
   0.55651
   0.59893
   0.60705
   0.75878
   0.58748
   0.69493
   0.69566
   0.71278
   0.54469
   0.60787
   0.52932
   0.59753
   0.64345
   0.61588
   0.59703
   0.73202
   0.66371
   0.53176
   0.67183
   0.71341
   0.65585
   0.65347
   0.76707
   0.62894
   0.62644
   0.62510
   0.69347
   0.73655
   0.73215
   0.67092
   0.63194
   0.73127
   0.69241
   0.60183
   0.71716
   0.73140
   0.61721
   0.75633
   0.75527
   0.60144
   0.70936
   0.71796
   0.70240
   0.61106
   0.76296
   0.63128
   0.71437

g =

   0.57576
   0.52391
   0.57447
   0.66790
   0.71387
   0.58825
   0.68053
   0.67535
   0.71626
   0.70073
   0.72855
   0.65986
   0.72412
   0.70617
   0.59034
   0.65126
   0.66292
   0.65343
   0.70559
   0.68228
   0.64779
   0.73523
   0.59877
   0.53792
   0.70494
   0.65847
   0.68936
   0.72140
   0.63745
   0.57607
   0.65847
   0.71573
   0.61884
   0.62511
   0.58756
   0.61593
   0.59545
   0.67501
   0.66984
   0.57128
   0.71078
   0.60007
   0.74780
   0.69194
   0.59731
   0.64053
   0.70416
   0.77309
   0.68370
   0.75909
   0.71542
   0.75665
   0.71821
   0.55651
   0.59893
   0.60705
   0.75878
   0.58748
   0.69493
   0.69566
   0.71278
   0.54469
   0.60787
   0.52932
   0.59753
   0.64345
   0.61588
   0.59703
   0.73202
   0.66371
   0.53176
   0.67183
   0.71341
   0.65585
   0.65347
   0.76707
   0.62894
   0.62644
   0.62510
   0.69347
   0.73655
   0.73215
   0.67092
   0.63194
   0.73127
   0.69241
   0.60183
   0.71716
   0.73140
   0.61721
   0.75633
   0.75527
   0.60144
   0.70936
   0.71796
   0.70240
   0.61106
   0.76296
   0.63128
   0.71437

g =

   0.57084
   0.50216
   0.56781
   0.67558
   0.72302
   0.57808
   0.69221
   0.67276
   0.72867
   0.70025
   0.72982
   0.65084
   0.73446
   0.72037
   0.58651
   0.65807
   0.66061
   0.64826
   0.71851
   0.68078
   0.64082
   0.74394
   0.58757
   0.51790
   0.71161
   0.66056
   0.68792
   0.72202
   0.63139
   0.56713
   0.66137
   0.72040
   0.61441
   0.62330
   0.58189
   0.60785
   0.59918
   0.68191
   0.66519
   0.56497
   0.71475
   0.58842
   0.75754
   0.68966
   0.58500
   0.63538
   0.71114
   0.78930
   0.69573
   0.77491
   0.72441
   0.76608
   0.71964
   0.54381
   0.58805
   0.60021
   0.77016
   0.58933
   0.70083
   0.70392
   0.72448
   0.52636
   0.59486
   0.51001
   0.59159
   0.63543
   0.62143
   0.58656
   0.74681
   0.66384
   0.51073
   0.67761
   0.72781
   0.65855
   0.65670
   0.77983
   0.63319
   0.62667
   0.61522
   0.69194
   0.74634
   0.73565
   0.67341
   0.62797
   0.74573
   0.70225
   0.60018
   0.73040
   0.74723
   0.61187
   0.76939
   0.77058
   0.58648
   0.72054
   0.71988
   0.70340
   0.61295
   0.77463
   0.62883
   0.72716

g =

   0.57084
   0.50216
   0.56781
   0.67558
   0.72302
   0.57808
   0.69221
   0.67276
   0.72867
   0.70025
   0.72982
   0.65084
   0.73446
   0.72037
   0.58651
   0.65807
   0.66061
   0.64826
   0.71851
   0.68078
   0.64082
   0.74394
   0.58757
   0.51790
   0.71161
   0.66056
   0.68792
   0.72202
   0.63139
   0.56713
   0.66137
   0.72040
   0.61441
   0.62330
   0.58189
   0.60785
   0.59918
   0.68191
   0.66519
   0.56497
   0.71475
   0.58842
   0.75754
   0.68966
   0.58500
   0.63538
   0.71114
   0.78930
   0.69573
   0.77491
   0.72441
   0.76608
   0.71964
   0.54381
   0.58805
   0.60021
   0.77016
   0.58933
   0.70083
   0.70392
   0.72448
   0.52636
   0.59486
   0.51001
   0.59159
   0.63543
   0.62143
   0.58656
   0.74681
   0.66384
   0.51073
   0.67761
   0.72781
   0.65855
   0.65670
   0.77983
   0.63319
   0.62667
   0.61522
   0.69194
   0.74634
   0.73565
   0.67341
   0.62797
   0.74573
   0.70225
   0.60018
   0.73040
   0.74723
   0.61187
   0.76939
   0.77058
   0.58648
   0.72054
   0.71988
   0.70340
   0.61295
   0.77463
   0.62883
   0.72716

g =

   0.55641
   0.45633
   0.54788
   0.65950
   0.69219
   0.53814
   0.68483
   0.61460
   0.70911
   0.63779
   0.66144
   0.57607
   0.70408
   0.71130
   0.56814
   0.64674
   0.60988
   0.59161
   0.70506
   0.62335
   0.58035
   0.70288
   0.53818
   0.47054
   0.67508
   0.62852
   0.62723
   0.65423
   0.57990
   0.53824
   0.63233
   0.67142
   0.57876
   0.59388
   0.55850
   0.56047
   0.60487
   0.65968
   0.60193
   0.54801
   0.66519
   0.53666
   0.71591
   0.62438
   0.53237
   0.58561
   0.67614
   0.76533
   0.68824
   0.75334
   0.69234
   0.72008
   0.65665
   0.51214
   0.53969
   0.56212
   0.73132
   0.59257
   0.66580
   0.67744
   0.70365
   0.48125
   0.53382
   0.46975
   0.56186
   0.57336
   0.62302
   0.54072
   0.73020
   0.62189
   0.46319
   0.65275
   0.71662
   0.63005
   0.63132
   0.74393
   0.62367
   0.60399
   0.55621
   0.62885
   0.70903
   0.67490
   0.63681
   0.58711
   0.72815
   0.68306
   0.58353
   0.71354
   0.73467
   0.57380
   0.73801
   0.74824
   0.52196
   0.69913
   0.65892
   0.64597
   0.60411
   0.73564
   0.59393
   0.70972

g =

   0.55641
   0.45633
   0.54788
   0.65950
   0.69219
   0.53814
   0.68483
   0.61460
   0.70911
   0.63779
   0.66144
   0.57607
   0.70408
   0.71130
   0.56814
   0.64674
   0.60988
   0.59161
   0.70506
   0.62335
   0.58035
   0.70288
   0.53818
   0.47054
   0.67508
   0.62852
   0.62723
   0.65423
   0.57990
   0.53824
   0.63233
   0.67142
   0.57876
   0.59388
   0.55850
   0.56047
   0.60487
   0.65968
   0.60193
   0.54801
   0.66519
   0.53666
   0.71591
   0.62438
   0.53237
   0.58561
   0.67614
   0.76533
   0.68824
   0.75334
   0.69234
   0.72008
   0.65665
   0.51214
   0.53969
   0.56212
   0.73132
   0.59257
   0.66580
   0.67744
   0.70365
   0.48125
   0.53382
   0.46975
   0.56186
   0.57336
   0.62302
   0.54072
   0.73020
   0.62189
   0.46319
   0.65275
   0.71662
   0.63005
   0.63132
   0.74393
   0.62367
   0.60399
   0.55621
   0.62885
   0.70903
   0.67490
   0.63681
   0.58711
   0.72815
   0.68306
   0.58353
   0.71354
   0.73467
   0.57380
   0.73801
   0.74824
   0.52196
   0.69913
   0.65892
   0.64597
   0.60411
   0.73564
   0.59393
   0.70972

g =

   0.57047
   0.43017
   0.55798
   0.70379
   0.74100
   0.54096
   0.73644
   0.63836
   0.76314
   0.66728
   0.69585
   0.58439
   0.75524
   0.76755
   0.58530
   0.68870
   0.63376
   0.60865
   0.75947
   0.64983
   0.59303
   0.75180
   0.53912
   0.44881
   0.71915
   0.66157
   0.65414
   0.68696
   0.59427
   0.54330
   0.66703
   0.71221
   0.59597
   0.61713
   0.57148
   0.56931
   0.63828
   0.70286
   0.62082
   0.55874
   0.70439
   0.53661
   0.76700
   0.64952
   0.53069
   0.60217
   0.72075
   0.82538
   0.74053
   0.81286
   0.74094
   0.77099
   0.69099
   0.50770
   0.54136
   0.57338
   0.78523
   0.62176
   0.70801
   0.72396
   0.75650
   0.46358
   0.53093
   0.44915
   0.57470
   0.58344
   0.66095
   0.54325
   0.78797
   0.65108
   0.43897
   0.69370
   0.77336
   0.66422
   0.66646
   0.79995
   0.65970
   0.63168
   0.56128
   0.65572
   0.75978
   0.71410
   0.67127
   0.60594
   0.78547
   0.73215
   0.60602
   0.76879
   0.79371
   0.58890
   0.79417
   0.80714
   0.51432
   0.75104
   0.69426
   0.67871
   0.63452
   0.79009
   0.61610
   0.76423

g =

   0.57047
   0.43017
   0.55798
   0.70379
   0.74100
   0.54096
   0.73644
   0.63836
   0.76314
   0.66728
   0.69585
   0.58439
   0.75524
   0.76755
   0.58530
   0.68870
   0.63376
   0.60865
   0.75947
   0.64983
   0.59303
   0.75180
   0.53912
   0.44881
   0.71915
   0.66157
   0.65414
   0.68696
   0.59427
   0.54330
   0.66703
   0.71221
   0.59597
   0.61713
   0.57148
   0.56931
   0.63828
   0.70286
   0.62082
   0.55874
   0.70439
   0.53661
   0.76700
   0.64952
   0.53069
   0.60217
   0.72075
   0.82538
   0.74053
   0.81286
   0.74094
   0.77099
   0.69099
   0.50770
   0.54136
   0.57338
   0.78523
   0.62176
   0.70801
   0.72396
   0.75650
   0.46358
   0.53093
   0.44915
   0.57470
   0.58344
   0.66095
   0.54325
   0.78797
   0.65108
   0.43897
   0.69370
   0.77336
   0.66422
   0.66646
   0.79995
   0.65970
   0.63168
   0.56128
   0.65572
   0.75978
   0.71410
   0.67127
   0.60594
   0.78547
   0.73215
   0.60602
   0.76879
   0.79371
   0.58890
   0.79417
   0.80714
   0.51432
   0.75104
   0.69426
   0.67871
   0.63452
   0.79009
   0.61610
   0.76423

g =

   0.54088
   0.36641
   0.52551
   0.71609
   0.76544
   0.50719
   0.75564
   0.63971
   0.79037
   0.67837
   0.71633
   0.57199
   0.78272
   0.79392
   0.56132
   0.69584
   0.63209
   0.60021
   0.78492
   0.65458
   0.58035
   0.78048
   0.50673
   0.38989
   0.73937
   0.66469
   0.66091
   0.70487
   0.58008
   0.50799
   0.67120
   0.73306
   0.57900
   0.60573
   0.54405
   0.54616
   0.62664
   0.71605
   0.61771
   0.52591
   0.72330
   0.50392
   0.79881
   0.65585
   0.49631
   0.59017
   0.74108
   0.86240
   0.76073
   0.84830
   0.76560
   0.80432
   0.70901
   0.46202
   0.50946
   0.54960
   0.81971
   0.60527
   0.72504
   0.74351
   0.78257
   0.40807
   0.49838
   0.38895
   0.54962
   0.56799
   0.65728
   0.51142
   0.81923
   0.65300
   0.37763
   0.70484
   0.80120
   0.66743
   0.66973
   0.83606
   0.65779
   0.62358
   0.53798
   0.66348
   0.78942
   0.73780
   0.67822
   0.59329
   0.81648
   0.75239
   0.58842
   0.79669
   0.82524
   0.57015
   0.82874
   0.84202
   0.47734
   0.77605
   0.71275
   0.69209
   0.62455
   0.82534
   0.60549
   0.79133

g =

   0.54088
   0.36641
   0.52551
   0.71609
   0.76544
   0.50719
   0.75564
   0.63971
   0.79037
   0.67837
   0.71633
   0.57199
   0.78272
   0.79392
   0.56132
   0.69584
   0.63209
   0.60021
   0.78492
   0.65458
   0.58035
   0.78048
   0.50673
   0.38989
   0.73937
   0.66469
   0.66091
   0.70487
   0.58008
   0.50799
   0.67120
   0.73306
   0.57900
   0.60573
   0.54405
   0.54616
   0.62664
   0.71605
   0.61771
   0.52591
   0.72330
   0.50392
   0.79881
   0.65585
   0.49631
   0.59017
   0.74108
   0.86240
   0.76073
   0.84830
   0.76560
   0.80432
   0.70901
   0.46202
   0.50946
   0.54960
   0.81971
   0.60527
   0.72504
   0.74351
   0.78257
   0.40807
   0.49838
   0.38895
   0.54962
   0.56799
   0.65728
   0.51142
   0.81923
   0.65300
   0.37763
   0.70484
   0.80120
   0.66743
   0.66973
   0.83606
   0.65779
   0.62358
   0.53798
   0.66348
   0.78942
   0.73780
   0.67822
   0.59329
   0.81648
   0.75239
   0.58842
   0.79669
   0.82524
   0.57015
   0.82874
   0.84202
   0.47734
   0.77605
   0.71275
   0.69209
   0.62455
   0.82534
   0.60549
   0.79133

g =

   0.50359
   0.28160
   0.48206
   0.72802
   0.78414
   0.45224
   0.77862
   0.61710
   0.81632
   0.66565
   0.71216
   0.52341
   0.80472
   0.82286
   0.52870
   0.70409
   0.60975
   0.56628
   0.81151
   0.63664
   0.53919
   0.79928
   0.44859
   0.30778
   0.75090
   0.65807
   0.64371
   0.69779
   0.54193
   0.45684
   0.66738
   0.73937
   0.54587
   0.58264
   0.50475
   0.49951
   0.62101
   0.72619
   0.58674
   0.48354
   0.72701
   0.44427
   0.82055
   0.63558
   0.43444
   0.55560
   0.75344
   0.89368
   0.78465
   0.87963
   0.78399
   0.82578
   0.70467
   0.39839
   0.45238
   0.50705
   0.84499
   0.59264
   0.73360
   0.75884
   0.80697
   0.32947
   0.43430
   0.30864
   0.50984
   0.52265
   0.65908
   0.45568
   0.84948
   0.63977
   0.29377
   0.71139
   0.83061
   0.66272
   0.66665
   0.86365
   0.65631
   0.60801
   0.48512
   0.64622
   0.81076
   0.74161
   0.67396
   0.56267
   0.84624
   0.77162
   0.56437
   0.82419
   0.85690
   0.53360
   0.85668
   0.87288
   0.40702
   0.79919
   0.71008
   0.68494
   0.61372
   0.85121
   0.58051
   0.81792

g =

   0.50359
   0.28160
   0.48206
   0.72802
   0.78414
   0.45224
   0.77862
   0.61710
   0.81632
   0.66565
   0.71216
   0.52341
   0.80472
   0.82286
   0.52870
   0.70409
   0.60975
   0.56628
   0.81151
   0.63664
   0.53919
   0.79928
   0.44859
   0.30778
   0.75090
   0.65807
   0.64371
   0.69779
   0.54193
   0.45684
   0.66738
   0.73937
   0.54587
   0.58264
   0.50475
   0.49951
   0.62101
   0.72619
   0.58674
   0.48354
   0.72701
   0.44427
   0.82055
   0.63558
   0.43444
   0.55560
   0.75344
   0.89368
   0.78465
   0.87963
   0.78399
   0.82578
   0.70467
   0.39839
   0.45238
   0.50705
   0.84499
   0.59264
   0.73360
   0.75884
   0.80697
   0.32947
   0.43430
   0.30864
   0.50984
   0.52265
   0.65908
   0.45568
   0.84948
   0.63977
   0.29377
   0.71139
   0.83061
   0.66272
   0.66665
   0.86365
   0.65631
   0.60801
   0.48512
   0.64622
   0.81076
   0.74161
   0.67396
   0.56267
   0.84624
   0.77162
   0.56437
   0.82419
   0.85690
   0.53360
   0.85668
   0.87288
   0.40702
   0.79919
   0.71008
   0.68494
   0.61372
   0.85121
   0.58051
   0.81792

g =

   0.46158
   0.18864
   0.43135
   0.75458
   0.81718
   0.38558
   0.81738
   0.59457
   0.85618
   0.65727
   0.71556
   0.46308
   0.84071
   0.86558
   0.49313
   0.72634
   0.58789
   0.52738
   0.85245
   0.62092
   0.48986
   0.83161
   0.37746
   0.21508
   0.77591
   0.65953
   0.62895
   0.69720
   0.49722
   0.39553
   0.67286
   0.75746
   0.50897
   0.56048
   0.45959
   0.44325
   0.62514
   0.75029
   0.55182
   0.43441
   0.74177
   0.37118
   0.85523
   0.61617
   0.35868
   0.51607
   0.77950
   0.93152
   0.82421
   0.91927
   0.81665
   0.85979
   0.70807
   0.32212
   0.38260
   0.45679
   0.88197
   0.58667
   0.75515
   0.78870
   0.84568
   0.23885
   0.35543
   0.21784
   0.46376
   0.46743
   0.67337
   0.38770
   0.89128
   0.63148
   0.20054
   0.73088
   0.87322
   0.66698
   0.67329
   0.90145
   0.66574
   0.59699
   0.42004
   0.63126
   0.84558
   0.75596
   0.67856
   0.52917
   0.88784
   0.80599
   0.54124
   0.86524
   0.89936
   0.49172
   0.89548
   0.91287
   0.32121
   0.83690
   0.71585
   0.68468
   0.60999
   0.88833
   0.55541
   0.85842

g =

   0.46158
   0.18864
   0.43135
   0.75458
   0.81718
   0.38558
   0.81738
   0.59457
   0.85618
   0.65727
   0.71556
   0.46308
   0.84071
   0.86558
   0.49313
   0.72634
   0.58789
   0.52738
   0.85245
   0.62092
   0.48986
   0.83161
   0.37746
   0.21508
   0.77591
   0.65953
   0.62895
   0.69720
   0.49722
   0.39553
   0.67286
   0.75746
   0.50897
   0.56048
   0.45959
   0.44325
   0.62514
   0.75029
   0.55182
   0.43441
   0.74177
   0.37118
   0.85523
   0.61617
   0.35868
   0.51607
   0.77950
   0.93152
   0.82421
   0.91927
   0.81665
   0.85979
   0.70807
   0.32212
   0.38260
   0.45679
   0.88197
   0.58667
   0.75515
   0.78870
   0.84568
   0.23885
   0.35543
   0.21784
   0.46376
   0.46743
   0.67337
   0.38770
   0.89128
   0.63148
   0.20054
   0.73088
   0.87322
   0.66698
   0.67329
   0.90145
   0.66574
   0.59699
   0.42004
   0.63126
   0.84558
   0.75596
   0.67856
   0.52917
   0.88784
   0.80599
   0.54124
   0.86524
   0.89936
   0.49172
   0.89548
   0.91287
   0.32121
   0.83690
   0.71585
   0.68468
   0.60999
   0.88833
   0.55541
   0.85842

g =

   0.40665
   0.10077
   0.36538
   0.79194
   0.85914
   0.30113
   0.86514
   0.56522
   0.90171
   0.64830
   0.72304
   0.38248
   0.88405
   0.91248
   0.44659
   0.75917
   0.55970
   0.47500
   0.89928
   0.60145
   0.42352
   0.87198
   0.28806
   0.12241
   0.81069
   0.66502
   0.61080
   0.69918
   0.43730
   0.31725
   0.68392
   0.78415
   0.46006
   0.53233
   0.40028
   0.36923
   0.63495
   0.78476
   0.50470
   0.37048
   0.76446
   0.27989
   0.89621
   0.59116
   0.26522
   0.46310
   0.81540
   0.96483
   0.87224
   0.95607
   0.85824
   0.89979
   0.71566
   0.23116
   0.29449
   0.39045
   0.92240
   0.58223
   0.78631
   0.82865
   0.89116
   0.14388
   0.25867
   0.12610
   0.40303
   0.39373
   0.69675
   0.30147
   0.93413
   0.62300
   0.11015
   0.76004
   0.91910
   0.67640
   0.68600
   0.94002
   0.68249
   0.58495
   0.33548
   0.61278
   0.88744
   0.77783
   0.68828
   0.48476
   0.93104
   0.85000
   0.51198
   0.91081
   0.94142
   0.43607
   0.93560
   0.95106
   0.22020
   0.88218
   0.72670
   0.68731
   0.60856
   0.92813
   0.52295
   0.90426

g =

   0.40665
   0.10077
   0.36538
   0.79194
   0.85914
   0.30113
   0.86514
   0.56522
   0.90171
   0.64830
   0.72304
   0.38248
   0.88405
   0.91248
   0.44659
   0.75917
   0.55970
   0.47500
   0.89928
   0.60145
   0.42352
   0.87198
   0.28806
   0.12241
   0.81069
   0.66502
   0.61080
   0.69918
   0.43730
   0.31725
   0.68392
   0.78415
   0.46006
   0.53233
   0.40028
   0.36923
   0.63495
   0.78476
   0.50470
   0.37048
   0.76446
   0.27989
   0.89621
   0.59116
   0.26522
   0.46310
   0.81540
   0.96483
   0.87224
   0.95607
   0.85824
   0.89979
   0.71566
   0.23116
   0.29449
   0.39045
   0.92240
   0.58223
   0.78631
   0.82865
   0.89116
   0.14388
   0.25867
   0.12610
   0.40303
   0.39373
   0.69675
   0.30147
   0.93413
   0.62300
   0.11015
   0.76004
   0.91910
   0.67640
   0.68600
   0.94002
   0.68249
   0.58495
   0.33548
   0.61278
   0.88744
   0.77783
   0.68828
   0.48476
   0.93104
   0.85000
   0.51198
   0.91081
   0.94142
   0.43607
   0.93560
   0.95106
   0.22020
   0.88218
   0.72670
   0.68731
   0.60856
   0.92813
   0.52295
   0.90426

g =

   0.336680
   0.038870
   0.283817
   0.840796
   0.907132
   0.205054
   0.916380
   0.530078
   0.945786
   0.642704
   0.740244
   0.285023
   0.929834
   0.955006
   0.386736
   0.804551
   0.525884
   0.408400
   0.944509
   0.580507
   0.340437
   0.917420
   0.188977
   0.051634
   0.856401
   0.678263
   0.591908
   0.709094
   0.361505
   0.225557
   0.704505
   0.822959
   0.397530
   0.497667
   0.325401
   0.279148
   0.652532
   0.831172
   0.445051
   0.290954
   0.799331
   0.180121
   0.938713
   0.562572
   0.165462
   0.395667
   0.861878
   0.987161
   0.922662
   0.982586
   0.906061
   0.941129
   0.732822
   0.137788
   0.195861
   0.307928
   0.959664
   0.579975
   0.829494
   0.877759
   0.937102
   0.065887
   0.157292
   0.054543
   0.326524
   0.303150
   0.731965
   0.203830
   0.969525
   0.617136
   0.044176
   0.801680
   0.959625
   0.694782
   0.708603
   0.972126
   0.709785
   0.573039
   0.236742
   0.593518
   0.931816
   0.811761
   0.707350
   0.428156
   0.967413
   0.900426
   0.475230
   0.953070
   0.974399
   0.365285
   0.969515
   0.979704
   0.122021
   0.929432
   0.747962
   0.697706
   0.611148
   0.963787
   0.482441
   0.948006

g =

   0.336680
   0.038870
   0.283817
   0.840796
   0.907132
   0.205054
   0.916380
   0.530078
   0.945786
   0.642704
   0.740244
   0.285023
   0.929834
   0.955006
   0.386736
   0.804551
   0.525884
   0.408400
   0.944509
   0.580507
   0.340437
   0.917420
   0.188977
   0.051634
   0.856401
   0.678263
   0.591908
   0.709094
   0.361505
   0.225557
   0.704505
   0.822959
   0.397530
   0.497667
   0.325401
   0.279148
   0.652532
   0.831172
   0.445051
   0.290954
   0.799331
   0.180121
   0.938713
   0.562572
   0.165462
   0.395667
   0.861878
   0.987161
   0.922662
   0.982586
   0.906061
   0.941129
   0.732822
   0.137788
   0.195861
   0.307928
   0.959664
   0.579975
   0.829494
   0.877759
   0.937102
   0.065887
   0.157292
   0.054543
   0.326524
   0.303150
   0.731965
   0.203830
   0.969525
   0.617136
   0.044176
   0.801680
   0.959625
   0.694782
   0.708603
   0.972126
   0.709785
   0.573039
   0.236742
   0.593518
   0.931816
   0.811761
   0.707350
   0.428156
   0.967413
   0.900426
   0.475230
   0.953070
   0.974399
   0.365285
   0.969515
   0.979704
   0.122021
   0.929432
   0.747962
   0.697706
   0.611148
   0.963787
   0.482441
   0.948006

g =

   0.2539877
   0.0096683
   0.1933672
   0.8972541
   0.9523080
   0.1139017
   0.9605564
   0.4910156
   0.9784674
   0.6460391
   0.7731081
   0.1824419
   0.9682248
   0.9837964
   0.3138957
   0.8616491
   0.4881347
   0.3290198
   0.9779647
   0.5616232
   0.2458830
   0.9590478
   0.0992377
   0.0145040
   0.9090388
   0.7047979
   0.5762397
   0.7333408
   0.2730558
   0.1338045
   0.7398620
   0.8739070
   0.3221546
   0.4571784
   0.2385571
   0.1825566
   0.6825260
   0.8869663
   0.3738781
   0.2016792
   0.8483466
   0.0919022
   0.9732941
   0.5333642
   0.0806146
   0.3152929
   0.9142879
   0.9971565
   0.9647770
   0.9956664
   0.9514069
   0.9745727
   0.7654802
   0.0627482
   0.1050010
   0.2152835
   0.9853578
   0.5830528
   0.8831696
   0.9292859
   0.9732929
   0.0207041
   0.0738062
   0.0158475
   0.2382207
   0.2042876
   0.7822878
   0.1120240
   0.9905617
   0.6185399
   0.0115866
   0.8560596
   0.9860652
   0.7275059
   0.7461627
   0.9913623
   0.7521186
   0.5643483
   0.1390300
   0.5775161
   0.9691302
   0.8594941
   0.7412385
   0.3597452
   0.9896048
   0.9481974
   0.4309958
   0.9825624
   0.9926759
   0.2815432
   0.9902899
   0.9946195
   0.0500614
   0.9684486
   0.7850398
   0.7220091
   0.6219352
   0.9874263
   0.4343325
   0.9797918

g =

   0.2539877
   0.0096683
   0.1933672
   0.8972541
   0.9523080
   0.1139017
   0.9605564
   0.4910156
   0.9784674
   0.6460391
   0.7731081
   0.1824419
   0.9682248
   0.9837964
   0.3138957
   0.8616491
   0.4881347
   0.3290198
   0.9779647
   0.5616232
   0.2458830
   0.9590478
   0.0992377
   0.0145040
   0.9090388
   0.7047979
   0.5762397
   0.7333408
   0.2730558
   0.1338045
   0.7398620
   0.8739070
   0.3221546
   0.4571784
   0.2385571
   0.1825566
   0.6825260
   0.8869663
   0.3738781
   0.2016792
   0.8483466
   0.0919022
   0.9732941
   0.5333642
   0.0806146
   0.3152929
   0.9142879
   0.9971565
   0.9647770
   0.9956664
   0.9514069
   0.9745727
   0.7654802
   0.0627482
   0.1050010
   0.2152835
   0.9853578
   0.5830528
   0.8831696
   0.9292859
   0.9732929
   0.0207041
   0.0738062
   0.0158475
   0.2382207
   0.2042876
   0.7822878
   0.1120240
   0.9905617
   0.6185399
   0.0115866
   0.8560596
   0.9860652
   0.7275059
   0.7461627
   0.9913623
   0.7521186
   0.5643483
   0.1390300
   0.5775161
   0.9691302
   0.8594941
   0.7412385
   0.3597452
   0.9896048
   0.9481974
   0.4309958
   0.9825624
   0.9926759
   0.2815432
   0.9902899
   0.9946195
   0.0500614
   0.9684486
   0.7850398
   0.7220091
   0.6219352
   0.9874263
   0.4343325
   0.9797918

g =

   0.1770438
   0.0016993
   0.1174120
   0.9452945
   0.9810664
   0.0530302
   0.9859006
   0.4550302
   0.9937843
   0.6625147
   0.8187570
   0.1017524
   0.9892192
   0.9958507
   0.2420961
   0.9166970
   0.4535056
   0.2511841
   0.9936378
   0.5507223
   0.1613534
   0.9844511
   0.0430403
   0.0029527
   0.9528005
   0.7458599
   0.5694851
   0.7720546
   0.1905911
   0.0677656
   0.7886613
   0.9236905
   0.2479671
   0.4185705
   0.1598968
   0.1048871
   0.7269521
   0.9368589
   0.3026942
   0.1253262
   0.9005756
   0.0384530
   0.9913705
   0.5098067
   0.0318618
   0.2370577
   0.9566926
   0.9996017
   0.9879465
   0.9992980
   0.9805335
   0.9918767
   0.8112039
   0.0228538
   0.0467333
   0.1352646
   0.9962250
   0.5973690
   0.9327690
   0.9673433
   0.9916282
   0.0048228
   0.0278464
   0.0033593
   0.1586037
   0.1220643
   0.8415162
   0.0514466
   0.9979946
   0.6321689
   0.0021715
   0.9104523
   0.9966144
   0.7741785
   0.7967307
   0.9981680
   0.8065673
   0.5649741
   0.0694049
   0.5704309
   0.9895354
   0.9095404
   0.7886976
   0.2912545
   0.9977095
   0.9790816
   0.3876141
   0.9953627
   0.9985882
   0.2021153
   0.9978680
   0.9990574
   0.0160511
   0.9894568
   0.8337218
   0.7608601
   0.6457930
   0.9969317
   0.3869511
   0.9943196

g =

   0.1770438
   0.0016993
   0.1174120
   0.9452945
   0.9810664
   0.0530302
   0.9859006
   0.4550302
   0.9937843
   0.6625147
   0.8187570
   0.1017524
   0.9892192
   0.9958507
   0.2420961
   0.9166970
   0.4535056
   0.2511841
   0.9936378
   0.5507223
   0.1613534
   0.9844511
   0.0430403
   0.0029527
   0.9528005
   0.7458599
   0.5694851
   0.7720546
   0.1905911
   0.0677656
   0.7886613
   0.9236905
   0.2479671
   0.4185705
   0.1598968
   0.1048871
   0.7269521
   0.9368589
   0.3026942
   0.1253262
   0.9005756
   0.0384530
   0.9913705
   0.5098067
   0.0318618
   0.2370577
   0.9566926
   0.9996017
   0.9879465
   0.9992980
   0.9805335
   0.9918767
   0.8112039
   0.0228538
   0.0467333
   0.1352646
   0.9962250
   0.5973690
   0.9327690
   0.9673433
   0.9916282
   0.0048228
   0.0278464
   0.0033593
   0.1586037
   0.1220643
   0.8415162
   0.0514466
   0.9979946
   0.6321689
   0.0021715
   0.9104523
   0.9966144
   0.7741785
   0.7967307
   0.9981680
   0.8065673
   0.5649741
   0.0694049
   0.5704309
   0.9895354
   0.9095404
   0.7886976
   0.2912545
   0.9977095
   0.9790816
   0.3876141
   0.9953627
   0.9985882
   0.2021153
   0.9978680
   0.9990574
   0.0160511
   0.9894568
   0.8337218
   0.7608601
   0.6457930
   0.9969317
   0.3869511
   0.9943196

g =

   1.3002e-01
   3.7045e-04
   7.5946e-02
   9.7096e-01
   9.9222e-01
   2.7014e-02
   9.9474e-01
   4.3323e-01
   9.9807e-01
   6.8574e-01
   8.5817e-01
   6.0233e-02
   9.9614e-01
   9.9885e-01
   1.9522e-01
   9.5062e-01
   4.3319e-01
   1.9918e-01
   9.9803e-01
   5.5114e-01
   1.1101e-01
   9.9384e-01
   2.0575e-02
   7.3259e-04
   9.7541e-01
   7.8704e-01
   5.7341e-01
   8.0941e-01
   1.3909e-01
   3.7241e-02
   8.3291e-01
   9.5419e-01
   1.9895e-01
   3.9560e-01
   1.1307e-01
   6.4175e-02
   7.7239e-01
   9.6496e-01
   2.5348e-01
   8.2828e-02
   9.3574e-01
   1.7811e-02
   9.9703e-01
   4.9864e-01
   1.4048e-02
   1.8554e-01
   9.7797e-01
   9.9993e-01
   9.9568e-01
   9.9987e-01
   9.9194e-01
   9.9723e-01
   8.5128e-01
   9.4318e-03
   2.2851e-02
   8.9887e-02
   9.9894e-01
   6.2199e-01
   9.6157e-01
   9.8469e-01
   9.9721e-01
   1.3472e-03
   1.1775e-02
   8.6460e-04
   1.1132e-01
   7.7090e-02
   8.8798e-01
   2.5863e-02
   9.9953e-01
   6.5419e-01
   5.0089e-04
   9.4515e-01
   9.9910e-01
   8.1791e-01
   8.4164e-01
   9.9957e-01
   8.5344e-01
   5.7696e-01
   3.7407e-02
   5.7395e-01
   9.9625e-01
   9.4236e-01
   8.3190e-01
   2.4489e-01
   9.9944e-01
   9.9130e-01
   3.6101e-01
   9.9866e-01
   9.9969e-01
   1.5183e-01
   9.9948e-01
   9.9981e-01
   5.8958e-03
   9.9628e-01
   8.7403e-01
   7.9910e-01
   6.7734e-01
   9.9918e-01
   3.5637e-01
   9.9828e-01

g =

   1.3002e-01
   3.7045e-04
   7.5946e-02
   9.7096e-01
   9.9222e-01
   2.7014e-02
   9.9474e-01
   4.3323e-01
   9.9807e-01
   6.8574e-01
   8.5817e-01
   6.0233e-02
   9.9614e-01
   9.9885e-01
   1.9522e-01
   9.5062e-01
   4.3319e-01
   1.9918e-01
   9.9803e-01
   5.5114e-01
   1.1101e-01
   9.9384e-01
   2.0575e-02
   7.3259e-04
   9.7541e-01
   7.8704e-01
   5.7341e-01
   8.0941e-01
   1.3909e-01
   3.7241e-02
   8.3291e-01
   9.5419e-01
   1.9895e-01
   3.9560e-01
   1.1307e-01
   6.4175e-02
   7.7239e-01
   9.6496e-01
   2.5348e-01
   8.2828e-02
   9.3574e-01
   1.7811e-02
   9.9703e-01
   4.9864e-01
   1.4048e-02
   1.8554e-01
   9.7797e-01
   9.9993e-01
   9.9568e-01
   9.9987e-01
   9.9194e-01
   9.9723e-01
   8.5128e-01
   9.4318e-03
   2.2851e-02
   8.9887e-02
   9.9894e-01
   6.2199e-01
   9.6157e-01
   9.8469e-01
   9.9721e-01
   1.3472e-03
   1.1775e-02
   8.6460e-04
   1.1132e-01
   7.7090e-02
   8.8798e-01
   2.5863e-02
   9.9953e-01
   6.5419e-01
   5.0089e-04
   9.4515e-01
   9.9910e-01
   8.1791e-01
   8.4164e-01
   9.9957e-01
   8.5344e-01
   5.7696e-01
   3.7407e-02
   5.7395e-01
   9.9625e-01
   9.4236e-01
   8.3190e-01
   2.4489e-01
   9.9944e-01
   9.9130e-01
   3.6101e-01
   9.9866e-01
   9.9969e-01
   1.5183e-01
   9.9948e-01
   9.9981e-01
   5.8958e-03
   9.9628e-01
   8.7403e-01
   7.9910e-01
   6.7734e-01
   9.9918e-01
   3.5637e-01
   9.9828e-01

g =

   1.0227e-01
   1.0609e-04
   5.3669e-02
   9.8364e-01
   9.9644e-01
   1.5617e-02
   9.9779e-01
   4.2093e-01
   9.9930e-01
   7.0915e-01
   8.8748e-01
   3.9005e-02
   9.9842e-01
   9.9962e-01
   1.6601e-01
   9.6955e-01
   4.2255e-01
   1.6552e-01
   9.9929e-01
   5.5738e-01
   8.1722e-02
   9.9725e-01
   1.1267e-02
   2.3364e-04
   9.8627e-01
   8.2201e-01
   5.8228e-01
   8.3976e-01
   1.0785e-01
   2.2968e-02
   8.6754e-01
   9.7115e-01
   1.6782e-01
   3.8388e-01
   8.5970e-02
   4.3019e-02
   8.1205e-01
   9.7948e-01
   2.2042e-01
   5.9626e-02
   9.5695e-01
   9.4999e-03
   9.9882e-01
   4.9476e-01
   7.1954e-03
   1.5273e-01
   9.8795e-01
   9.9999e-01
   9.9824e-01
   9.9997e-01
   9.9628e-01
   9.9891e-01
   8.8151e-01
   4.5992e-03
   1.2749e-02
   6.4664e-02
   9.9964e-01
   6.5075e-01
   9.7685e-01
   9.9219e-01
   9.9893e-01
   4.7445e-04
   5.8164e-03
   2.8473e-04
   8.3985e-02
   5.2837e-02
   9.2008e-01
   1.4769e-02
   9.9986e-01
   6.7818e-01
   1.5032e-04
   9.6511e-01
   9.9971e-01
   8.5312e-01
   8.7620e-01
   9.9987e-01
   8.8860e-01
   5.9467e-01
   2.2533e-02
   5.8234e-01
   9.9846e-01
   9.6171e-01
   8.6578e-01
   2.1475e-01
   9.9983e-01
   9.9599e-01
   3.4684e-01
   9.9955e-01
   9.9992e-01
   1.2104e-01
   9.9985e-01
   9.9995e-01
   2.5928e-03
   9.9850e-01
   9.0305e-01
   8.3079e-01
   7.0986e-01
   9.9973e-01
   3.3813e-01
   9.9939e-01

g =

   1.0227e-01
   1.0609e-04
   5.3669e-02
   9.8364e-01
   9.9644e-01
   1.5617e-02
   9.9779e-01
   4.2093e-01
   9.9930e-01
   7.0915e-01
   8.8748e-01
   3.9005e-02
   9.9842e-01
   9.9962e-01
   1.6601e-01
   9.6955e-01
   4.2255e-01
   1.6552e-01
   9.9929e-01
   5.5738e-01
   8.1722e-02
   9.9725e-01
   1.1267e-02
   2.3364e-04
   9.8627e-01
   8.2201e-01
   5.8228e-01
   8.3976e-01
   1.0785e-01
   2.2968e-02
   8.6754e-01
   9.7115e-01
   1.6782e-01
   3.8388e-01
   8.5970e-02
   4.3019e-02
   8.1205e-01
   9.7948e-01
   2.2042e-01
   5.9626e-02
   9.5695e-01
   9.4999e-03
   9.9882e-01
   4.9476e-01
   7.1954e-03
   1.5273e-01
   9.8795e-01
   9.9999e-01
   9.9824e-01
   9.9997e-01
   9.9628e-01
   9.9891e-01
   8.8151e-01
   4.5992e-03
   1.2749e-02
   6.4664e-02
   9.9964e-01
   6.5075e-01
   9.7685e-01
   9.9219e-01
   9.9893e-01
   4.7445e-04
   5.8164e-03
   2.8473e-04
   8.3985e-02
   5.2837e-02
   9.2008e-01
   1.4769e-02
   9.9986e-01
   6.7818e-01
   1.5032e-04
   9.6511e-01
   9.9971e-01
   8.5312e-01
   8.7620e-01
   9.9987e-01
   8.8860e-01
   5.9467e-01
   2.2533e-02
   5.8234e-01
   9.9846e-01
   9.6171e-01
   8.6578e-01
   2.1475e-01
   9.9983e-01
   9.9599e-01
   3.4684e-01
   9.9955e-01
   9.9992e-01
   1.2104e-01
   9.9985e-01
   9.9995e-01
   2.5928e-03
   9.9850e-01
   9.0305e-01
   8.3079e-01
   7.0986e-01
   9.9973e-01
   3.3813e-01
   9.9939e-01

g =

   9.0486e-02
   5.2352e-05
   4.4633e-02
   9.8853e-01
   9.9777e-01
   1.1545e-02
   9.9869e-01
   4.1713e-01
   9.9962e-01
   7.2466e-01
   9.0283e-01
   3.0551e-02
   9.9908e-01
   9.9980e-01
   1.5347e-01
   9.7754e-01
   4.2006e-01
   1.5001e-01
   9.9961e-01
   5.6429e-01
   6.9046e-02
   9.9831e-01
   8.0628e-03
   1.2265e-04
   9.9038e-01
   8.4250e-01
   5.9048e-01
   8.5678e-01
   9.4025e-02
   1.7652e-02
   8.8653e-01
   9.7829e-01
   1.5398e-01
   3.8159e-01
   7.4493e-02
   3.4545e-02
   8.3586e-01
   9.8528e-01
   2.0484e-01
   5.0140e-02
   9.6644e-01
   6.6945e-03
   9.9932e-01
   4.9551e-01
   4.9542e-03
   1.3784e-01
   9.9166e-01
   9.9999e-01
   9.9898e-01
   9.9999e-01
   9.9766e-01
   9.9937e-01
   8.9753e-01
   3.0902e-03
   9.2233e-03
   5.4149e-02
   9.9981e-01
   6.7229e-01
   9.8307e-01
   9.9481e-01
   9.9940e-01
   2.6382e-04
   3.9168e-03
   1.5244e-04
   7.2370e-02
   4.2848e-02
   9.3603e-01
   1.0832e-02
   9.9993e-01
   6.9511e-01
   7.6187e-05
   9.7374e-01
   9.9986e-01
   8.7286e-01
   8.9490e-01
   9.9994e-01
   9.0726e-01
   6.0954e-01
   1.6993e-02
   5.9015e-01
   9.9910e-01
   9.7022e-01
   8.8437e-01
   2.0130e-01
   9.9992e-01
   9.9749e-01
   3.4350e-01
   9.9976e-01
   9.9996e-01
   1.0748e-01
   9.9992e-01
   9.9998e-01
   1.6327e-03
   9.9913e-01
   9.1789e-01
   8.4890e-01
   7.3214e-01
   9.9986e-01
   3.3173e-01
   9.9967e-01

g =

   9.0486e-02
   5.2352e-05
   4.4633e-02
   9.8853e-01
   9.9777e-01
   1.1545e-02
   9.9869e-01
   4.1713e-01
   9.9962e-01
   7.2466e-01
   9.0283e-01
   3.0551e-02
   9.9908e-01
   9.9980e-01
   1.5347e-01
   9.7754e-01
   4.2006e-01
   1.5001e-01
   9.9961e-01
   5.6429e-01
   6.9046e-02
   9.9831e-01
   8.0628e-03
   1.2265e-04
   9.9038e-01
   8.4250e-01
   5.9048e-01
   8.5678e-01
   9.4025e-02
   1.7652e-02
   8.8653e-01
   9.7829e-01
   1.5398e-01
   3.8159e-01
   7.4493e-02
   3.4545e-02
   8.3586e-01
   9.8528e-01
   2.0484e-01
   5.0140e-02
   9.6644e-01
   6.6945e-03
   9.9932e-01
   4.9551e-01
   4.9542e-03
   1.3784e-01
   9.9166e-01
   9.9999e-01
   9.9898e-01
   9.9999e-01
   9.9766e-01
   9.9937e-01
   8.9753e-01
   3.0902e-03
   9.2233e-03
   5.4149e-02
   9.9981e-01
   6.7229e-01
   9.8307e-01
   9.9481e-01
   9.9940e-01
   2.6382e-04
   3.9168e-03
   1.5244e-04
   7.2370e-02
   4.2848e-02
   9.3603e-01
   1.0832e-02
   9.9993e-01
   6.9511e-01
   7.6187e-05
   9.7374e-01
   9.9986e-01
   8.7286e-01
   8.9490e-01
   9.9994e-01
   9.0726e-01
   6.0954e-01
   1.6993e-02
   5.9015e-01
   9.9910e-01
   9.7022e-01
   8.8437e-01
   2.0130e-01
   9.9992e-01
   9.9749e-01
   3.4350e-01
   9.9976e-01
   9.9996e-01
   1.0748e-01
   9.9992e-01
   9.9998e-01
   1.6327e-03
   9.9913e-01
   9.1789e-01
   8.4890e-01
   7.3214e-01
   9.9986e-01
   3.3173e-01
   9.9967e-01

g =

   8.7799e-02
   4.1292e-05
   4.2376e-02
   9.9001e-01
   9.9813e-01
   1.0498e-02
   9.9893e-01
   4.1785e-01
   9.9970e-01
   7.3146e-01
   9.0828e-01
   2.8204e-02
   9.9924e-01
   9.9985e-01
   1.5103e-01
   9.8012e-01
   4.2150e-01
   1.4596e-01
   9.9969e-01
   5.6878e-01
   6.5558e-02
   9.9858e-01
   7.2397e-03
   9.8846e-05
   9.9161e-01
   8.5075e-01
   5.9526e-01
   8.6315e-01
   9.0347e-02
   1.6290e-02
   8.9378e-01
   9.8053e-01
   1.5084e-01
   3.8373e-01
   7.1692e-02
   3.2290e-02
   8.4585e-01
   9.8707e-01
   2.0082e-01
   4.7802e-02
   9.6953e-01
   5.9771e-03
   9.9944e-01
   4.9759e-01
   4.3871e-03
   1.3404e-01
   9.9275e-01
   1.0000e+00
   9.9917e-01
   9.9999e-01
   9.9804e-01
   9.9949e-01
   9.0331e-01
   2.7206e-03
   8.3141e-03
   5.1410e-02
   9.9985e-01
   6.8331e-01
   9.8501e-01
   9.9556e-01
   9.9951e-01
   2.1701e-04
   3.4380e-03
   1.2381e-04
   6.9460e-02
   4.0105e-02
   9.4180e-01
   9.8138e-03
   9.9995e-01
   7.0315e-01
   6.0646e-05
   9.7654e-01
   9.9989e-01
   8.8055e-01
   9.0199e-01
   9.9995e-01
   9.1429e-01
   6.1786e-01
   1.5518e-02
   5.9470e-01
   9.9926e-01
   9.7293e-01
   8.9144e-01
   1.9847e-01
   9.9994e-01
   9.9790e-01
   3.4552e-01
   9.9981e-01
   9.9997e-01
   1.0410e-01
   9.9994e-01
   9.9998e-01
   1.3993e-03
   9.9929e-01
   9.2311e-01
   8.5588e-01
   7.4260e-01
   9.9989e-01
   3.3210e-01
   9.9974e-01

g =

   8.7799e-02
   4.1292e-05
   4.2376e-02
   9.9001e-01
   9.9813e-01
   1.0498e-02
   9.9893e-01
   4.1785e-01
   9.9970e-01
   7.3146e-01
   9.0828e-01
   2.8204e-02
   9.9924e-01
   9.9985e-01
   1.5103e-01
   9.8012e-01
   4.2150e-01
   1.4596e-01
   9.9969e-01
   5.6878e-01
   6.5558e-02
   9.9858e-01
   7.2397e-03
   9.8846e-05
   9.9161e-01
   8.5075e-01
   5.9526e-01
   8.6315e-01
   9.0347e-02
   1.6290e-02
   8.9378e-01
   9.8053e-01
   1.5084e-01
   3.8373e-01
   7.1692e-02
   3.2290e-02
   8.4585e-01
   9.8707e-01
   2.0082e-01
   4.7802e-02
   9.6953e-01
   5.9771e-03
   9.9944e-01
   4.9759e-01
   4.3871e-03
   1.3404e-01
   9.9275e-01
   1.0000e+00
   9.9917e-01
   9.9999e-01
   9.9804e-01
   9.9949e-01
   9.0331e-01
   2.7206e-03
   8.3141e-03
   5.1410e-02
   9.9985e-01
   6.8331e-01
   9.8501e-01
   9.9556e-01
   9.9951e-01
   2.1701e-04
   3.4380e-03
   1.2381e-04
   6.9460e-02
   4.0105e-02
   9.4180e-01
   9.8138e-03
   9.9995e-01
   7.0315e-01
   6.0646e-05
   9.7654e-01
   9.9989e-01
   8.8055e-01
   9.0199e-01
   9.9995e-01
   9.1429e-01
   6.1786e-01
   1.5518e-02
   5.9470e-01
   9.9926e-01
   9.7293e-01
   8.9144e-01
   1.9847e-01
   9.9994e-01
   9.9790e-01
   3.4552e-01
   9.9981e-01
   9.9997e-01
   1.0410e-01
   9.9994e-01
   9.9998e-01
   1.3993e-03
   9.9929e-01
   9.2311e-01
   8.5588e-01
   7.4260e-01
   9.9989e-01
   3.3210e-01
   9.9974e-01

g =

   8.8230e-02
   3.9765e-05
   4.2402e-02
   9.9039e-01
   9.9821e-01
   1.0398e-02
   9.9898e-01
   4.1960e-01
   9.9971e-01
   7.3391e-01
   9.0970e-01
   2.7903e-02
   9.9928e-01
   9.9986e-01
   1.5202e-01
   9.8081e-01
   4.2362e-01
   1.4605e-01
   9.9971e-01
   5.7127e-01
   6.5300e-02
   9.9864e-01
   7.1462e-03
   9.5575e-05
   9.9190e-01
   8.5352e-01
   5.9768e-01
   8.6495e-01
   9.0271e-02
   1.6200e-02
   8.9608e-01
   9.8108e-01
   1.5144e-01
   3.8653e-01
   7.1877e-02
   3.2121e-02
   8.4954e-01
   9.8752e-01
   2.0102e-01
   4.7883e-02
   9.7031e-01
   5.8920e-03
   9.9947e-01
   4.9941e-01
   4.3175e-03
   1.3421e-01
   9.9301e-01
   1.0000e+00
   9.9921e-01
   9.9999e-01
   9.9812e-01
   9.9951e-01
   9.0488e-01
   2.6805e-03
   8.2138e-03
   5.1339e-02
   9.9986e-01
   6.8838e-01
   9.8549e-01
   9.9574e-01
   9.9954e-01
   2.1072e-04
   3.3745e-03
   1.1998e-04
   6.9559e-02
   3.9838e-02
   9.4358e-01
   9.7075e-03
   9.9995e-01
   7.0647e-01
   5.8496e-05
   9.7728e-01
   9.9989e-01
   8.8304e-01
   9.0422e-01
   9.9996e-01
   9.1655e-01
   6.2202e-01
   1.5350e-02
   5.9700e-01
   9.9929e-01
   9.7358e-01
   8.9363e-01
   1.9933e-01
   9.9994e-01
   9.9799e-01
   3.4853e-01
   9.9982e-01
   9.9997e-01
   1.0431e-01
   9.9995e-01
   9.9999e-01
   1.3667e-03
   9.9933e-01
   9.2450e-01
   8.5799e-01
   7.4695e-01
   9.9990e-01
   3.3427e-01
   9.9975e-01

g =

   8.8230e-02
   3.9765e-05
   4.2402e-02
   9.9039e-01
   9.9821e-01
   1.0398e-02
   9.9898e-01
   4.1960e-01
   9.9971e-01
   7.3391e-01
   9.0970e-01
   2.7903e-02
   9.9928e-01
   9.9986e-01
   1.5202e-01
   9.8081e-01
   4.2362e-01
   1.4605e-01
   9.9971e-01
   5.7127e-01
   6.5300e-02
   9.9864e-01
   7.1462e-03
   9.5575e-05
   9.9190e-01
   8.5352e-01
   5.9768e-01
   8.6495e-01
   9.0271e-02
   1.6200e-02
   8.9608e-01
   9.8108e-01
   1.5144e-01
   3.8653e-01
   7.1877e-02
   3.2121e-02
   8.4954e-01
   9.8752e-01
   2.0102e-01
   4.7883e-02
   9.7031e-01
   5.8920e-03
   9.9947e-01
   4.9941e-01
   4.3175e-03
   1.3421e-01
   9.9301e-01
   1.0000e+00
   9.9921e-01
   9.9999e-01
   9.9812e-01
   9.9951e-01
   9.0488e-01
   2.6805e-03
   8.2138e-03
   5.1339e-02
   9.9986e-01
   6.8838e-01
   9.8549e-01
   9.9574e-01
   9.9954e-01
   2.1072e-04
   3.3745e-03
   1.1998e-04
   6.9559e-02
   3.9838e-02
   9.4358e-01
   9.7075e-03
   9.9995e-01
   7.0647e-01
   5.8496e-05
   9.7728e-01
   9.9989e-01
   8.8304e-01
   9.0422e-01
   9.9996e-01
   9.1655e-01
   6.2202e-01
   1.5350e-02
   5.9700e-01
   9.9929e-01
   9.7358e-01
   8.9363e-01
   1.9933e-01
   9.9994e-01
   9.9799e-01
   3.4853e-01
   9.9982e-01
   9.9997e-01
   1.0431e-01
   9.9995e-01
   9.9999e-01
   1.3667e-03
   9.9933e-01
   9.2450e-01
   8.5799e-01
   7.4695e-01
   9.9990e-01
   3.3427e-01
   9.9975e-01

g =

   8.9728e-02
   4.0397e-05
   4.3132e-02
   9.9054e-01
   9.9823e-01
   1.0553e-02
   9.9900e-01
   4.2202e-01
   9.9972e-01
   7.3555e-01
   9.1021e-01
   2.8132e-02
   9.9929e-01
   9.9986e-01
   1.5431e-01
   9.8113e-01
   4.2639e-01
   1.4741e-01
   9.9971e-01
   5.7366e-01
   6.5952e-02
   9.9866e-01
   7.2426e-03
   9.7045e-05
   9.9199e-01
   8.5525e-01
   5.9986e-01
   8.6573e-01
   9.1269e-02
   1.6468e-02
   8.9741e-01
   9.8125e-01
   1.5333e-01
   3.9016e-01
   7.3023e-02
   3.2536e-02
   8.5215e-01
   9.8770e-01
   2.0255e-01
   4.8723e-02
   9.7058e-01
   5.9697e-03
   9.9948e-01
   5.0150e-01
   4.3743e-03
   1.3564e-01
   9.9309e-01
   1.0000e+00
   9.9922e-01
   9.9999e-01
   9.9814e-01
   9.9951e-01
   9.0552e-01
   2.7258e-03
   8.3255e-03
   5.2059e-02
   9.9986e-01
   6.9275e-01
   9.8566e-01
   9.9580e-01
   9.9954e-01
   2.1399e-04
   3.4144e-03
   1.2196e-04
   7.0602e-02
   4.0244e-02
   9.4462e-01
   9.8429e-03
   9.9995e-01
   7.0905e-01
   5.9403e-05
   9.7760e-01
   9.9990e-01
   8.8453e-01
   9.0551e-01
   9.9996e-01
   9.1790e-01
   6.2580e-01
   1.5525e-02
   5.9907e-01
   9.9930e-01
   9.7376e-01
   8.9486e-01
   2.0151e-01
   9.9994e-01
   9.9802e-01
   3.5252e-01
   9.9983e-01
   9.9997e-01
   1.0566e-01
   9.9995e-01
   9.9999e-01
   1.3825e-03
   9.9934e-01
   9.2504e-01
   8.5908e-01
   7.5040e-01
   9.9990e-01
   3.3748e-01
   9.9976e-01

g =

   8.9728e-02
   4.0397e-05
   4.3132e-02
   9.9054e-01
   9.9823e-01
   1.0553e-02
   9.9900e-01
   4.2202e-01
   9.9972e-01
   7.3555e-01
   9.1021e-01
   2.8132e-02
   9.9929e-01
   9.9986e-01
   1.5431e-01
   9.8113e-01
   4.2639e-01
   1.4741e-01
   9.9971e-01
   5.7366e-01
   6.5952e-02
   9.9866e-01
   7.2426e-03
   9.7045e-05
   9.9199e-01
   8.5525e-01
   5.9986e-01
   8.6573e-01
   9.1269e-02
   1.6468e-02
   8.9741e-01
   9.8125e-01
   1.5333e-01
   3.9016e-01
   7.3023e-02
   3.2536e-02
   8.5215e-01
   9.8770e-01
   2.0255e-01
   4.8723e-02
   9.7058e-01
   5.9697e-03
   9.9948e-01
   5.0150e-01
   4.3743e-03
   1.3564e-01
   9.9309e-01
   1.0000e+00
   9.9922e-01
   9.9999e-01
   9.9814e-01
   9.9951e-01
   9.0552e-01
   2.7258e-03
   8.3255e-03
   5.2059e-02
   9.9986e-01
   6.9275e-01
   9.8566e-01
   9.9580e-01
   9.9954e-01
   2.1399e-04
   3.4144e-03
   1.2196e-04
   7.0602e-02
   4.0244e-02
   9.4462e-01
   9.8429e-03
   9.9995e-01
   7.0905e-01
   5.9403e-05
   9.7760e-01
   9.9990e-01
   8.8453e-01
   9.0551e-01
   9.9996e-01
   9.1790e-01
   6.2580e-01
   1.5525e-02
   5.9907e-01
   9.9930e-01
   9.7376e-01
   8.9486e-01
   2.0151e-01
   9.9994e-01
   9.9802e-01
   3.5252e-01
   9.9983e-01
   9.9997e-01
   1.0566e-01
   9.9995e-01
   9.9999e-01
   1.3825e-03
   9.9934e-01
   9.2504e-01
   8.5908e-01
   7.5040e-01
   9.9990e-01
   3.3748e-01
   9.9976e-01

g =

   9.0779e-02
   4.1701e-05
   4.3737e-02
   9.9048e-01
   9.9821e-01
   1.0734e-02
   9.9899e-01
   4.2315e-01
   9.9971e-01
   7.3568e-01
   9.0994e-01
   2.8471e-02
   9.9928e-01
   9.9986e-01
   1.5574e-01
   9.8106e-01
   4.2764e-01
   1.4851e-01
   9.9971e-01
   5.7440e-01
   6.6624e-02
   9.9864e-01
   7.3709e-03
   9.9936e-05
   9.9193e-01
   8.5534e-01
   6.0046e-01
   8.6549e-01
   9.2142e-02
   1.6740e-02
   8.9740e-01
   9.8114e-01
   1.5462e-01
   3.9180e-01
   7.3899e-02
   3.2970e-02
   8.5255e-01
   9.8764e-01
   2.0371e-01
   4.9395e-02
   9.7044e-01
   6.0778e-03
   9.9947e-01
   5.0232e-01
   4.4572e-03
   1.3674e-01
   9.9304e-01
   1.0000e+00
   9.9921e-01
   9.9999e-01
   9.9812e-01
   9.9951e-01
   9.0528e-01
   2.7845e-03
   8.4702e-03
   5.2702e-02
   9.9986e-01
   6.9392e-01
   9.8558e-01
   9.9576e-01
   9.9954e-01
   2.1992e-04
   3.4797e-03
   1.2557e-04
   7.1432e-02
   4.0717e-02
   9.4462e-01
   1.0011e-02
   9.9995e-01
   7.0955e-01
   6.1252e-05
   9.7751e-01
   9.9989e-01
   8.8455e-01
   9.0550e-01
   9.9996e-01
   9.1793e-01
   6.2690e-01
   1.5757e-02
   5.9963e-01
   9.9929e-01
   9.7360e-01
   8.9480e-01
   2.0291e-01
   9.9994e-01
   9.9800e-01
   3.5437e-01
   9.9982e-01
   9.9997e-01
   1.0669e-01
   9.9994e-01
   9.9999e-01
   1.4121e-03
   9.9933e-01
   9.2481e-01
   8.5894e-01
   7.5115e-01
   9.9990e-01
   3.3908e-01
   9.9975e-01

g =

   9.0779e-02
   4.1701e-05
   4.3737e-02
   9.9048e-01
   9.9821e-01
   1.0734e-02
   9.9899e-01
   4.2315e-01
   9.9971e-01
   7.3568e-01
   9.0994e-01
   2.8471e-02
   9.9928e-01
   9.9986e-01
   1.5574e-01
   9.8106e-01
   4.2764e-01
   1.4851e-01
   9.9971e-01
   5.7440e-01
   6.6624e-02
   9.9864e-01
   7.3709e-03
   9.9936e-05
   9.9193e-01
   8.5534e-01
   6.0046e-01
   8.6549e-01
   9.2142e-02
   1.6740e-02
   8.9740e-01
   9.8114e-01
   1.5462e-01
   3.9180e-01
   7.3899e-02
   3.2970e-02
   8.5255e-01
   9.8764e-01
   2.0371e-01
   4.9395e-02
   9.7044e-01
   6.0778e-03
   9.9947e-01
   5.0232e-01
   4.4572e-03
   1.3674e-01
   9.9304e-01
   1.0000e+00
   9.9921e-01
   9.9999e-01
   9.9812e-01
   9.9951e-01
   9.0528e-01
   2.7845e-03
   8.4702e-03
   5.2702e-02
   9.9986e-01
   6.9392e-01
   9.8558e-01
   9.9576e-01
   9.9954e-01
   2.1992e-04
   3.4797e-03
   1.2557e-04
   7.1432e-02
   4.0717e-02
   9.4462e-01
   1.0011e-02
   9.9995e-01
   7.0955e-01
   6.1252e-05
   9.7751e-01
   9.9989e-01
   8.8455e-01
   9.0550e-01
   9.9996e-01
   9.1793e-01
   6.2690e-01
   1.5757e-02
   5.9963e-01
   9.9929e-01
   9.7360e-01
   8.9480e-01
   2.0291e-01
   9.9994e-01
   9.9800e-01
   3.5437e-01
   9.9982e-01
   9.9997e-01
   1.0669e-01
   9.9994e-01
   9.9999e-01
   1.4121e-03
   9.9933e-01
   9.2481e-01
   8.5894e-01
   7.5115e-01
   9.9990e-01
   3.3908e-01
   9.9975e-01

g =

   9.1027e-02
   4.2210e-05
   4.3901e-02
   9.9043e-01
   9.9820e-01
   1.0793e-02
   9.9898e-01
   4.2328e-01
   9.9971e-01
   7.3547e-01
   9.0972e-01
   2.8590e-02
   9.9927e-01
   9.9985e-01
   1.5604e-01
   9.8097e-01
   4.2777e-01
   1.4879e-01
   9.9971e-01
   5.7435e-01
   6.6828e-02
   9.9863e-01
   7.4148e-03
   1.0105e-04
   9.9189e-01
   8.5511e-01
   6.0037e-01
   8.6525e-01
   9.2383e-02
   1.6823e-02
   8.9718e-01
   9.8105e-01
   1.5491e-01
   3.9198e-01
   7.4121e-02
   3.3104e-02
   8.5233e-01
   9.8757e-01
   2.0400e-01
   4.9572e-02
   9.7032e-01
   6.1154e-03
   9.9946e-01
   5.0235e-01
   4.4864e-03
   1.3702e-01
   9.9300e-01
   1.0000e+00
   9.9921e-01
   9.9999e-01
   9.9811e-01
   9.9950e-01
   9.0507e-01
   2.8045e-03
   8.5192e-03
   5.2883e-02
   9.9986e-01
   6.9378e-01
   9.8551e-01
   9.9573e-01
   9.9953e-01
   2.2217e-04
   3.5035e-03
   1.2694e-04
   7.1649e-02
   4.0869e-02
   9.4446e-01
   1.0067e-02
   9.9995e-01
   7.0938e-01
   6.1971e-05
   9.7741e-01
   9.9989e-01
   8.8433e-01
   9.0529e-01
   9.9995e-01
   9.1774e-01
   6.2682e-01
   1.5835e-02
   5.9954e-01
   9.9928e-01
   9.7349e-01
   8.9458e-01
   2.0320e-01
   9.9994e-01
   9.9798e-01
   3.5459e-01
   9.9982e-01
   9.9997e-01
   1.0695e-01
   9.9994e-01
   9.9999e-01
   1.4233e-03
   9.9932e-01
   9.2461e-01
   8.5870e-01
   7.5095e-01
   9.9990e-01
   3.3931e-01
   9.9975e-01

g =

   9.1027e-02
   4.2210e-05
   4.3901e-02
   9.9043e-01
   9.9820e-01
   1.0793e-02
   9.9898e-01
   4.2328e-01
   9.9971e-01
   7.3547e-01
   9.0972e-01
   2.8590e-02
   9.9927e-01
   9.9985e-01
   1.5604e-01
   9.8097e-01
   4.2777e-01
   1.4879e-01
   9.9971e-01
   5.7435e-01
   6.6828e-02
   9.9863e-01
   7.4148e-03
   1.0105e-04
   9.9189e-01
   8.5511e-01
   6.0037e-01
   8.6525e-01
   9.2383e-02
   1.6823e-02
   8.9718e-01
   9.8105e-01
   1.5491e-01
   3.9198e-01
   7.4121e-02
   3.3104e-02
   8.5233e-01
   9.8757e-01
   2.0400e-01
   4.9572e-02
   9.7032e-01
   6.1154e-03
   9.9946e-01
   5.0235e-01
   4.4864e-03
   1.3702e-01
   9.9300e-01
   1.0000e+00
   9.9921e-01
   9.9999e-01
   9.9811e-01
   9.9950e-01
   9.0507e-01
   2.8045e-03
   8.5192e-03
   5.2883e-02
   9.9986e-01
   6.9378e-01
   9.8551e-01
   9.9573e-01
   9.9953e-01
   2.2217e-04
   3.5035e-03
   1.2694e-04
   7.1649e-02
   4.0869e-02
   9.4446e-01
   1.0067e-02
   9.9995e-01
   7.0938e-01
   6.1971e-05
   9.7741e-01
   9.9989e-01
   8.8433e-01
   9.0529e-01
   9.9995e-01
   9.1774e-01
   6.2682e-01
   1.5835e-02
   5.9954e-01
   9.9928e-01
   9.7349e-01
   8.9458e-01
   2.0320e-01
   9.9994e-01
   9.9798e-01
   3.5459e-01
   9.9982e-01
   9.9997e-01
   1.0695e-01
   9.9994e-01
   9.9999e-01
   1.4233e-03
   9.9932e-01
   9.2461e-01
   8.5870e-01
   7.5095e-01
   9.9990e-01
   3.3931e-01
   9.9975e-01

g =

   9.1033e-02
   4.2260e-05
   4.3909e-02
   9.9042e-01
   9.9820e-01
   1.0798e-02
   9.9898e-01
   4.2324e-01
   9.9971e-01
   7.3540e-01
   9.0968e-01
   2.8599e-02
   9.9927e-01
   9.9985e-01
   1.5604e-01
   9.8096e-01
   4.2773e-01
   1.4880e-01
   9.9971e-01
   5.7430e-01
   6.6839e-02
   9.9863e-01
   7.4183e-03
   1.0116e-04
   9.9188e-01
   8.5505e-01
   6.0032e-01
   8.6520e-01
   9.2394e-02
   1.6829e-02
   8.9713e-01
   9.8104e-01
   1.5491e-01
   3.9194e-01
   7.4129e-02
   3.3112e-02
   8.5226e-01
   9.8756e-01
   2.0400e-01
   4.9580e-02
   9.7030e-01
   6.1185e-03
   9.9946e-01
   5.0231e-01
   4.4889e-03
   1.3703e-01
   9.9299e-01
   1.0000e+00
   9.9920e-01
   9.9999e-01
   9.9811e-01
   9.9950e-01
   9.0502e-01
   2.8062e-03
   8.5230e-03
   5.2892e-02
   9.9986e-01
   6.9370e-01
   9.8550e-01
   9.9573e-01
   9.9953e-01
   2.2238e-04
   3.5056e-03
   1.2707e-04
   7.1658e-02
   4.0879e-02
   9.4442e-01
   1.0071e-02
   9.9995e-01
   7.0931e-01
   6.2041e-05
   9.7740e-01
   9.9989e-01
   8.8428e-01
   9.0524e-01
   9.9995e-01
   9.1769e-01
   6.2675e-01
   1.5841e-02
   5.9949e-01
   9.9928e-01
   9.7347e-01
   8.9454e-01
   2.0320e-01
   9.9994e-01
   9.9798e-01
   3.5456e-01
   9.9982e-01
   9.9997e-01
   1.0696e-01
   9.9994e-01
   9.9999e-01
   1.4244e-03
   9.9932e-01
   9.2458e-01
   8.5865e-01
   7.5088e-01
   9.9990e-01
   3.3928e-01
   9.9975e-01

Cost at theta found by fminunc: 0.203498
theta: 
 -25.161272 
 0.206233 
 0.201470 

Program paused. Press enter to continue.
g =  0.77629
For a student with scores 45 and 85, we predict an admission probability of 0.776289

g =

   9.1033e-02
   4.2260e-05
   4.3909e-02
   9.9042e-01
   9.9820e-01
   1.0798e-02
   9.9898e-01
   4.2324e-01
   9.9971e-01
   7.3540e-01
   9.0968e-01
   2.8599e-02
   9.9927e-01
   9.9985e-01
   1.5604e-01
   9.8096e-01
   4.2773e-01
   1.4880e-01
   9.9971e-01
   5.7430e-01
   6.6839e-02
   9.9863e-01
   7.4183e-03
   1.0116e-04
   9.9188e-01
   8.5505e-01
   6.0032e-01
   8.6520e-01
   9.2394e-02
   1.6829e-02
   8.9713e-01
   9.8104e-01
   1.5491e-01
   3.9194e-01
   7.4129e-02
   3.3112e-02
   8.5226e-01
   9.8756e-01
   2.0400e-01
   4.9580e-02
   9.7030e-01
   6.1185e-03
   9.9946e-01
   5.0231e-01
   4.4889e-03
   1.3703e-01
   9.9299e-01
   1.0000e+00
   9.9920e-01
   9.9999e-01
   9.9811e-01
   9.9950e-01
   9.0502e-01
   2.8062e-03
   8.5230e-03
   5.2892e-02
   9.9986e-01
   6.9370e-01
   9.8550e-01
   9.9573e-01
   9.9953e-01
   2.2238e-04
   3.5056e-03
   1.2707e-04
   7.1658e-02
   4.0879e-02
   9.4442e-01
   1.0071e-02
   9.9995e-01
   7.0931e-01
   6.2041e-05
   9.7740e-01
   9.9989e-01
   8.8428e-01
   9.0524e-01
   9.9995e-01
   9.1769e-01
   6.2675e-01
   1.5841e-02
   5.9949e-01
   9.9928e-01
   9.7347e-01
   8.9454e-01
   2.0320e-01
   9.9994e-01
   9.9798e-01
   3.5456e-01
   9.9982e-01
   9.9997e-01
   1.0696e-01
   9.9994e-01
   9.9999e-01
   1.4244e-03
   9.9932e-01
   9.2458e-01
   8.5865e-01
   7.5088e-01
   9.9990e-01
   3.3928e-01
   9.9975e-01

Train Accuracy: 89.000000

Program paused. Press enter to continue.
octave:12> 
octave:12> 
octave:12> 
octave:12> 
octave:12> 
octave:12> 
octave:12> 
octave:12> 
octave:12> 
octave:12> 
octave:12> 
octave:12> 
octave:12> 
octave:12> 
octave:12> 
octave:12> diary off
